-17.6046
-17.2933
-17.0216
-16.8736
-16.4608
-16.4335
-16.1996
-15.8835
-15.8442
-15.3799
-15.2483
-15.1772
-15.1333
-14.766
-14.5165
-14.4468
-14.1355
-13.9974
-13.8413
-13.6458
-13.6299
-13.4094
-13.2521
-12.9961
-12.8759
-12.7219
-12.5189
-12.435
-12.3565
-12.0287
-11.9888
-11.8984
-11.709
-11.6465
-11.2216
-11.1373
-11.0514
-10.9496
-10.8185
-10.7651
-10.6694
-10.386
-10.3144
-10.0861
-10.0778
-9.93315
-9.78323
-9.50364
-9.39786
-9.35546
-9.27898
-9.23967
-9.10959
-8.94308
-8.78633
-8.64061
-8.56287
-8.4569
-8.33199
-8.24743
-8.05913
-7.90731
-7.79941
-7.68031
-7.65063
-7.5922
-7.47745
-7.46698
-7.29356
-7.13455
-7.06915
-7.01111
-6.90826
-6.7546
-6.70395
-6.57478
-6.43953
-6.30717
-6.23329
-6.19394
-6.12958
-6.09322
-6.05532
-5.91529
-5.80151
-5.69102
-5.63083
-5.48629
-5.44198
-5.38489
-5.36508
-5.29105
-5.14085
-5.08955
-4.89331
-4.84734
-4.73739
-4.70453
-4.64497
-4.61596
-4.57391
-4.47677
-4.41313
-4.3401
-4.27059
-4.20116
-4.16916
-4.0298
-3.96824
-3.95514
-3.88014
-3.77972
-3.68183
-3.65367
-3.58866
-3.55056
-3.44917
-3.40924
-3.37491
-3.25531
-3.24544
-3.21218
-3.1835
-3.16963
-3.08105
-3.00877
-2.93914
-2.92688
-2.83177
-2.82281
-2.68962
-2.65047
-2.61452
-2.55471
-2.50875
-2.50381
-2.44134
-2.3733
-2.34796
-2.29159
-2.26606
-2.21646
-2.16542
-2.12178
-2.11657
-2.09209
-2.00992
-1.96074
-1.94181
-1.90624
-1.83949
-1.78873
-1.75662
-1.71324
-1.68317
-1.59726
-1.5638
-1.55017
-1.51797
-1.47463
-1.44149
-1.41707
-1.40823
-1.36331
-1.32729
-1.30327
-1.24391
-1.2314
-1.2032
-1.19149
-1.1461
-1.07942
-1.05004
-1.02743
-1.00739
-0.986452
-0.969801
-0.956465
-0.904088
-0.891045
-0.842534
-0.806956
-0.779774
-0.770068
-0.739639
-0.734409
-0.709223
-0.687603
-0.686813
-0.651989
-0.632592
-0.605258
-0.603279
-0.581474
-0.557457
-0.53064
-0.489227
-0.478899
-0.474985
-0.465972
-0.452231
-0.446714
-0.445928
-0.436053
-0.430975
-0.417393
-0.416323
-0.414436
-0.404061
-0.39459
-0.38635
-0.379139
-0.372115
-0.368433
-0.364261
-0.352525
-0.349326
-0.34369
-0.341243
-0.334098
-0.330727
-0.325868
-0.322853
-0.318298
-0.316037
-0.308186
-0.301137
-0.300704
-0.296952
-0.292411
-0.286321
-0.276737
-0.275228
-0.269909
-0.262688
-0.261461
-0.25746
-0.249602
-0.244426
-0.242993
-0.237148
-0.234446
-0.229683
-0.226071
-0.220799
-0.218162
-0.216634
-0.208952
-0.204692
-0.199717
-0.19531
-0.193739
-0.189669
-0.186765
-0.185584
-0.181334
-0.176435
-0.17308
-0.171403
-0.168776
-0.165941
-0.16361
-0.155603
-0.153725
-0.149888
-0.148187
-0.145337
-0.143412
-0.142969
-0.137325
-0.132672
-0.131477
-0.12936
-0.129068
-0.125338
-0.123782
-0.121852
-0.114372
-0.11171
-0.110352
-0.108648
-0.106305
-0.102768
-0.100004
-0.0985001
-0.0961494
-0.0942269
-0.093217
-0.091918
-0.0877113
-0.0850145
-0.0837412
-0.0823179
-0.0795426
-0.0777084
-0.0754999
-0.0718417
-0.0688493
-0.0669149
-0.0661182
-0.0645246
-0.0622501
-0.0603314
-0.0590227
-0.0556337
-0.0543605
-0.053096
-0.050948
-0.0494205
-0.0467772
-0.0448944
-0.0439639
-0.0427954
-0.0397502
-0.0364433
-0.0338619
-0.0332885
-0.0317036
-0.0302293
-0.0291166
-0.0278621
-0.0259919
-0.0239211
-0.0229681
-0.0184545
-0.0167889
-0.0165414
-0.014921
-0.0127073
-0.0116921
-0.0104084
-0.00962756
-0.00809808
-0.00589638
-0.00324048
-0.00296821
-0.00135629
0.00158895
0.0046571
0.0050179
0.00521107
0.00766512
0.0094409
0.0127622
0.0150206
0.0157913
0.0172713
0.0186956
0.0203768
0.0216704
0.0226167
0.0241189
0.0257978
0.0274914
0.028005
0.0302384
0.0327826
0.0359375
0.0367885
0.0379019
0.0398803
0.0430028
0.0451373
0.0459434
0.0475357
0.0498644
0.0517725
0.0533791
0.0563454
0.0579101
0.0582506
0.0594683
0.0617528
0.0631309
0.0654743
0.0676538
0.0696522
0.070779
0.0722945
0.0733607
0.0748889
0.0768236
0.0781784
0.0812845
0.0832823
0.0861454
0.0867636
0.0874683
0.0880629
0.0890784
0.0906339
0.0916738
0.0937719
0.0961529
0.0973231
0.098603
0.101385
0.103503
0.105726
0.107318
0.108027
0.108404
0.110439
0.11202
0.114901
0.115658
0.117656
0.118144
0.119443
0.121118
0.123241
0.124136
0.125115
0.126996
0.127591
0.130735
0.132633
0.134291
0.135468
0.136531
0.138274
0.13997
0.140413
0.142854
0.145108
0.14687
0.148039
0.150148
0.150698
0.152542
0.153421
0.153976
0.154416
0.157184
0.157473
0.159389
0.162857
0.163887
0.165815
0.166686
0.16785
0.169256
0.170039
0.171304
0.172849
0.173992
0.175918
0.176184
0.179009
0.180171
0.181704
0.184404
0.186132
0.18651
0.187231
0.1893
0.190742
0.192351
0.192638
0.193649
0.196415
0.197697
0.199072
0.201314
0.202259
0.204798
0.205688
0.206658
0.207992
0.208688
0.21001
0.211313
0.21303
0.213938
0.214775
0.215812
0.218501
0.218918
0.221855
0.223678
0.224401
0.224695
0.22708
0.227558
0.231289
0.232098
0.23316
0.234924
0.235875
0.237982
0.239033
0.240336
0.243576
0.244481
0.244783
0.246778
0.247603
0.248293
0.249867
0.251794
0.253109
0.254042
0.254636
0.255184
0.256189
0.257058
0.258022
0.260028
0.260324
0.262357
0.264544
0.26487
0.265924
0.266874
0.268327
0.269479
0.270456
0.271666
0.272436
0.273825
0.275354
0.276829
0.277361
0.277602
0.278406
0.280123
0.2827
0.283665
0.28448
0.285414
0.285889
0.287442
0.288727
0.29056
0.290855
0.291078
0.292509
0.29414
0.294884
0.295357
0.297527
0.297846
0.298644
0.299293
0.30061
0.301443
0.303006
0.303373
0.304804
0.305346
0.306523
0.306935
0.308335
0.310935
0.312755
0.313071
0.313654
0.315565
0.316154
0.31641
0.318291
0.320028
0.320397
0.321489
0.322078
0.32354
0.324066
0.325139
0.325781
0.327336
0.328146
0.329637
0.330171
0.330642
0.330826
0.332607
0.333065
0.33335
0.334716
0.335711
0.33738
0.338633
0.338851
0.340459
0.34066
0.342421
0.343927
0.344798
0.345485
0.346852
0.347149
0.347643
0.348199
0.349091
0.350137
0.351055
0.35317
0.354078
0.354983
0.356932
0.357282
0.358354
0.359157
0.359692
0.360739
0.361856
0.36229
0.362395
0.363453
0.363676
0.364499
0.365717
0.367081
0.368181
0.369375
0.370111
0.370476
0.370995
0.372541
0.373913
0.37422
0.375916
0.376189
0.377172
0.377615
0.378904
0.379717
0.380211
0.381749
0.382668
0.384901
0.385129
0.385672
0.386167
0.38716
0.387862
0.38923
0.391252
0.391933
0.392098
0.392931
0.393782
0.39452
0.395623
0.3965
0.397524
0.399547
0.40051
0.400601
0.401326
0.402034
0.403551
0.404433
0.405001
0.405835
0.406084
0.408374
0.408985
0.409557
0.411064
0.41191
0.412504
0.413214
0.41388
0.415366
0.41567
0.415761
0.416927
0.418034
0.418421
0.420951
0.42114
0.421761
0.422146
0.423369
0.425013
0.426052
0.426561
0.427168
0.427387
0.428505
0.430099
0.430659
0.43117
0.431602
0.43266
0.433846
0.434542
0.435533
0.436877
0.438084
0.438348
0.439264
0.440065
0.440928
0.441095
0.441842
0.442414
0.443993
0.445017
0.445704
0.446157
0.446816
0.447427
0.448591
0.448851
0.449597
0.450404
0.450966
0.452909
0.453696
0.455248
0.456096
0.456785
0.457442
0.458121
0.458676
0.459377
0.460298
0.461119
0.461911
0.462195
0.463456
0.464448
0.464951
0.465147
0.466503
0.467508
0.468422
0.469257
0.469924
0.47081
0.471955
0.472648
0.473782
0.474264
0.474558
0.475732
0.47628
0.477131
0.477561
0.478836
0.479621
0.480651
0.481594
0.482345
0.482974
0.483468
0.484624
0.484924
0.486668
0.487967
0.488385
0.488976
0.489727
0.490269
0.491837
0.492586
0.493459
0.494766
0.494957
0.495888
0.497412
0.49812
0.49851
0.49887
0.500045
0.500513
0.501434
0.501969
0.502805
0.50298
0.503995
0.504432
0.506262
0.506885
0.507373
0.508363
0.508785
0.50911
0.509808
0.511032
0.511669
0.512422
0.513132
0.514648
0.515206
0.516303
0.517032
0.517665
0.518519
0.519319
0.520053
0.521465
0.52183
0.522591
0.523646
0.523781
0.525077
0.525913
0.526501
0.526919
0.527615
0.528463
0.529127
0.529245
0.530809
0.531238
0.532591
0.533185
0.53382
0.534277
0.534562
0.535907
0.536701
0.537341
0.538122
0.538594
0.539978
0.54026
0.541623
0.54234
0.542741
0.543082
0.543641
0.544563
0.545397
0.546162
0.54752
0.549572
0.550465
0.551635
0.551869
0.552493
0.552825
0.55328
0.553593
0.553904
0.555025
0.55538
0.555727
0.55735
0.557643
0.558599
0.559765
0.560171
0.560913
0.561854
0.562188
0.563431
0.563909
0.564291
0.565108
0.565499
0.565695
0.566672
0.566741
0.567904
0.568463
0.569696
0.570109
0.571344
0.571715
0.571979
0.572998
0.573992
0.575064
0.575351
0.575587
0.576051
0.576588
0.576942
0.578911
0.579676
0.580032
0.580756
0.580969
0.581754
0.582602
0.582803
0.583996
0.584489
0.586513
0.586823
0.587154
0.587559
0.588488
0.589131
0.589669
0.589821
0.590569
0.591398
0.591486
0.592812
0.593855
0.593909
0.594225
0.595393
0.596207
0.597048
0.597251
0.597607
0.598667
0.599479
0.600593
0.600747
0.601827
0.60263
0.602903
0.603647
0.604187
0.604205
0.605176
0.60581
0.606752
0.607633
0.608117
0.608301
0.609639
0.610372
0.61095
0.611626
0.612016
0.612496
0.613317
0.61398
0.614791
0.615317
0.615503
0.616184
0.616917
0.617135
0.617713
0.618744
0.618957
0.61966
0.620282
0.62066
0.621271
0.621972
0.622339
0.62299
0.623549
0.624058
0.624727
0.625851
0.62632
0.627019
0.627301
0.627965
0.628696
0.629371
0.629553
0.630626
0.631122
0.631299
0.631859
0.632299
0.633325
0.633553
0.634067
0.635571
0.63583
0.636083
0.636769
0.637793
0.637813
0.638558
0.63885
0.639528
0.640018
0.641082
0.641514
0.642172
0.642393
0.642933
0.643481
0.644014
0.64488
0.645337
0.645949
0.646051
0.647078
0.647738
0.648513
0.648863
0.649805
0.650094
0.650303
0.651152
0.651917
0.652267
0.652486
0.653033
0.654141
0.654518
0.6553
0.655718
0.65641
0.657208
0.657337
0.657965
0.658522
0.658825
0.659605
0.660218
0.661055
0.661587
0.662135
0.663163
0.663287
0.663647
0.665034
0.665184
0.665625
0.666376
0.666698
0.666819
0.668407
0.668583
0.668831
0.66951
0.669641
0.670573
0.670672
0.671185
0.671592
0.671895
0.672293
0.6733
0.674143
0.674408
0.675074
0.675557
0.675808
0.676719
0.677398
0.677572
0.678133
0.678527
0.678571
0.679676
0.680372
0.680665
0.681896
0.682194
0.682205
0.682708
0.68337
0.683562
0.684037
0.684762
0.685056
0.68569
0.686298
0.687036
0.687333
0.688014
0.688153
0.688468
0.689491
0.689971
0.690349
0.690765
0.691545
0.691924
0.69218
0.692368
0.693253
0.693639
0.694341
0.694655
0.694999
0.69564
0.696019
0.69614
0.696704
0.697826
0.698798
0.698959
0.699298
0.700221
0.700615
0.700774
0.70098
0.701518
0.701913
0.702537
0.70268
0.702964
0.703183
0.704447
0.70464
0.705574
0.706121
0.706914
0.70731
0.707425
0.70777
0.708204
0.70922
0.709487
0.709654
0.710441
0.710529
0.711195
0.711772
0.712251
0.71248
0.713118
0.713783
0.713984
0.71455
0.714765
0.715465
0.715768
0.716146
0.716796
0.717065
0.71795
0.718387
0.718636
0.719662
0.719846
0.720155
0.720841
0.721109
0.721365
0.722102
0.722414
0.722919
0.723341
0.723655
0.724119
0.724293
0.724824
0.725272
0.725759
0.726558
0.727631
0.727904
0.728095
0.728121
0.728406
0.729796
0.730311
0.730961
0.731215
0.731685
0.732043
0.732522
0.733357
0.734136
0.734619
0.735216
0.735584
0.73567
0.736112
0.736483
0.736859
0.737208
0.737946
0.738173
0.739513
0.739633
0.739904
0.740048
0.740913
0.741061
0.741416
0.741875
0.742189
0.742543
0.742869
0.743511
0.743955
0.744177
0.744483
0.745103
0.745135
0.74625
0.746469
0.747074
0.747331
0.747981
0.748358
0.748416
0.748716
0.749422
0.74951
0.750185
0.750644
0.751362
0.751939
0.75212
0.75303
0.753265
0.75385
0.75394
0.754656
0.754842
0.755335
0.755781
0.756135
0.75698
0.757135
0.757927
0.758466
0.758621
0.759109
0.759429
0.760062
0.760291
0.760611
0.761359
0.761712
0.762045
0.762494
0.762584
0.763003
0.763544
0.763902
0.764506
0.764697
0.765327
0.765737
0.766196
0.766457
0.766955
0.767004
0.767661
0.768182
0.768763
0.769241
0.769582
0.77047
0.770921
0.771004
0.771516
0.771749
0.77227
0.772524
0.77328
0.773973
0.774539
0.7746
0.775051
0.775721
0.775914
0.776756
0.776863
0.776973
0.777479
0.778374
0.778706
0.77955
0.779792
0.780394
0.780696
0.781293
0.781432
0.781619
0.782036
0.78273
0.782825
0.783599
0.783885
0.784529
0.784921
0.785396
0.785678
0.785851
0.786054
0.786836
0.787267
0.787405
0.787906
0.788486
0.788621
0.78905
0.789495
0.790614
0.790644
0.791377
0.791652
0.792608
0.792759
0.793209
0.793482
0.794034
0.794368
0.794556
0.795429
0.795554
0.795648
0.796135
0.796501
0.797176
0.797389
0.798287
0.798842
0.798897
0.799181
0.800345
0.80107
0.801276
0.801677
0.802126
0.802592
0.802881
0.803609
0.804302
0.804585
0.80463
0.804801
0.805257
0.805645
0.806136
0.806472
0.806928
0.807232
0.807328
0.807623
0.808497
0.808784
0.808977
0.809724
0.809862
0.810446
0.81095
0.811155
0.811871
0.812017
0.812501
0.813191
0.813521
0.813759
0.814067
0.814793
0.815041
0.815312
0.81569
0.816295
0.816659
0.817208
0.81742
0.817538
0.817976
0.818369
0.819259
0.819493
0.819906
0.820275
0.820792
0.821574
0.821883
0.822129
0.822635
0.823234
0.823439
0.823817
0.824003
0.824279
0.825259
0.825512
0.826072
0.826389
0.826749
0.827601
0.828031
0.828148
0.828463
0.829369
0.829601
0.829841
0.830107
0.830417
0.830961
0.831393
0.831699
0.832038
0.832407
0.832649
0.832796
0.833441
0.833806
0.834551
0.83484
0.835431
0.835786
0.836398
0.836751
0.837292
0.837375
0.837841
0.838493
0.838742
0.839511
0.839758
0.84029
0.840495
0.840827
0.841096
0.841726
0.84226
0.842325
0.842527
0.843298
0.843699
0.844145
0.844639
0.845064
0.845482
0.845633
0.846085
0.846477
0.846742
0.847366
0.847948
0.848073
0.848736
0.84924
0.849689
0.849994
0.850308
0.85073
0.850945
0.851652
0.852409
0.852656
0.853294
0.853923
0.85417
0.854345
0.854576
0.855146
0.855904
0.856352
0.856924
0.8573
0.857474
0.857768
0.858361
0.859001
0.859321
0.859659
0.860027
0.860693
0.861011
0.861334
0.862021
0.862118
0.862639
0.863354
0.863533
0.864087
0.86445
0.864733
0.86507
0.865596
0.865676
0.866038
0.866492
0.866891
0.86751
0.86789
0.868397
0.868771
0.869118
0.869841
0.870213
0.8705
0.871566
0.871905
0.872053
0.872829
0.872868
0.873404
0.873782
0.874326
0.874565
0.875153
0.87577
0.876481
0.876797
0.877018
0.877644
0.878285
0.878479
0.878946
0.879305
0.879912
0.880055
0.880795
0.880878
0.881115
0.881908
0.882112
0.882653
0.883044
0.883418
0.884085
0.88453
0.884888
0.885395
0.885748
0.885977
0.88617
0.886971
0.887974
0.888111
0.888955
0.889261
0.889715
0.88989
0.890491
0.890753
0.891316
0.89196
0.89224
0.892713
0.893085
0.894034
0.894449
0.894632
0.895127
0.895683
0.895819
0.896015
0.896354
0.896903
0.897414
0.897751
0.898486
0.898901
0.899045
0.899625
0.89988
0.900115
0.900732
0.900972
0.901932
0.902477
0.902878
0.903159
0.903852
0.904197
0.904567
0.904969
0.905656
0.90585
0.906236
0.907049
0.907328
0.907993
0.908536
0.908944
0.909124
0.90947
0.910298
0.910486
0.91117
0.911919
0.912277
0.912821
0.91302
0.913516
0.913927
0.914274
0.914891
0.915234
0.915515
0.915917
0.916448
0.91694
0.91729
0.918132
0.918309
0.91888
0.919149
0.919719
0.919953
0.92017
0.921006
0.921113
0.921878
0.922119
0.922946
0.923146
0.923396
0.923779
0.924444
0.924876
0.925146
0.925364
0.925928
0.926496
0.927121
0.927538
0.927851
0.928253
0.929041
0.929223
0.930049
0.930632
0.931095
0.931174
0.931742
0.932203
0.932798
0.933061
0.933156
0.934133
0.934975
0.935296
0.935493
0.935708
0.936024
0.936624
0.9369
0.937509
0.938061
0.938385
0.939253
0.939867
0.940492
0.94094
0.941278
0.941634
0.942057
0.942494
0.942853
0.943384
0.943494
0.943744
0.944524
0.944902
0.945195
0.945852
0.946047
0.94683
0.947262
0.947722
0.948179
0.948687
0.948901
0.949656
0.950307
0.950685
0.951214
0.951313
0.951932
0.951961
0.952804
0.952946
0.953318
0.953905
0.954513
0.955479
0.956052
0.956327
0.956808
0.957103
0.957244
0.958051
0.958284
0.958729
0.959227
0.95999
0.960248
0.961103
0.961452
0.961676
0.962085
0.962336
0.963116
0.963182
0.96395
0.964264
0.96458
0.965319
0.965744
0.966757
0.966886
0.96698
0.967536
0.968406
0.968939
0.969304
0.969653
0.9704
0.970815
0.970914
0.971837
0.972511
0.972941
0.973293
0.973896
0.973987
0.974285
0.97511
0.975276
0.976105
0.976393
0.976684
0.97713
0.977565
0.978059
0.979096
0.979569
0.97976
0.980039
0.9802
0.980358
0.981509
0.981997
0.982769
0.982939
0.984107
0.984358
0.98474
0.985305
0.986039
0.986415
0.98742
0.987659
0.988235
0.98886
0.989211
0.989717
0.99005
0.990499
0.990955
0.992129
0.992312
0.99314
0.99351
0.994113
0.994964
0.995497
0.995618
0.996586
0.997276
0.997621
0.998305
0.998549
0.999291
1.00057
1.00085
1.00123
1.00185
1.00216
1.00256
1.00276
1.00396
1.00456
1.00537
1.00577
1.0059
1.00645
1.00666
1.00768
1.00798
1.00933
1.00975
1.01021
1.01029
1.01095
1.01155
1.01206
1.01262
1.01291
1.01373
1.01426
1.01492
1.01587
1.01658
1.01683
1.01708
1.01803
1.01865
1.019
1.01938
1.02
1.02045
1.02127
1.02207
1.02229
1.02276
1.02344
1.02405
1.02497
1.02508
1.02582
1.02647
1.0273
1.02756
1.02835
1.02864
1.02945
1.03017
1.03034
1.03064
1.03143
1.03305
1.03324
1.03405
1.03433
1.03494
1.03579
1.03619
1.03702
1.0375
1.03769
1.03924
1.03967
1.03997
1.04125
1.04163
1.04231
1.04287
1.04356
1.04376
1.04487
1.04571
1.04622
1.04699
1.04798
1.04858
1.04944
1.04971
1.05031
1.05047
1.05115
1.05209
1.05255
1.05318
1.05419
1.0545
1.05505
1.05611
1.05671
1.05718
1.05847
1.05924
1.05937
1.06024
1.0612
1.0616
1.06185
1.06286
1.06357
1.06427
1.06585
1.06654
1.06675
1.0673
1.06808
1.06894
1.06994
1.07026
1.07109
1.07158
1.07215
1.07321
1.07363
1.07448
1.07479
1.07618
1.07632
1.07749
1.0782
1.07912
1.07929
1.08024
1.08133
1.08188
1.08307
1.08375
1.08452
1.08474
1.08589
1.08631
1.08748
1.08829
1.08859
1.08904
1.08977
1.09072
1.09194
1.09305
1.09395
1.09444
1.09486
1.09563
1.09688
1.09737
1.09855
1.09863
1.09985
1.10069
1.10151
1.10224
1.10318
1.10389
1.10435
1.10572
1.10691
1.10806
1.10891
1.10971
1.11026
1.11151
1.11224
1.11349
1.11393
1.11522
1.11569
1.11678
1.11942
1.11989
1.12096
1.1221
1.12381
1.12489
1.12514
1.12666
1.12691
1.12942
1.13011
1.13063
1.13234
1.13411
1.13465
1.13634
1.13773
1.13826
1.13944
1.14048
1.14117
1.1431
1.14436
1.14532
1.14628
1.14887
1.14948
1.15099
1.15199
1.15275
1.15309
1.15384
1.15559
1.15778
1.15896
1.1595
1.16192
1.16348
1.16446
1.16713
1.17004
1.17118
1.1731
1.17502
1.17752
1.17772
1.17872
1.18055
1.18189
1.18285
1.18606
1.18765
1.18943
1.18999
1.19197
1.1925
1.19535
1.1982
1.19887
1.2002
1.20284
1.20363
1.20433
1.20672
1.20988
1.21029
1.21243
1.21345
1.21661
1.21906
1.21956
1.22091
1.22363
1.22555
1.22838
1.22959
1.23326
1.23582
1.23751
1.23819
1.23956
1.2433
1.24427
1.24785
1.24835
1.25099
1.25342
1.25499
1.25924
1.26262
1.26594
1.26978
1.27063
1.27333
1.27566
1.28024
1.2828
1.28395
1.28499
1.29121
1.29638
1.30102
1.30606
1.3106
1.3124
1.31695
1.31981
1.3233
1.33352
1.33611
1.33933
1.34373
1.34976
1.35445
1.35557
1.36521
1.36549
1.37386
1.37576
1.38311
1.38797
1.39427
1.40077
1.40774
1.41554
1.4244
1.42673
1.43395