6.810864712030895873e+01 7.935100905948387684e+00
6.651518827218538377e+01 1.283926296998457417e+01
6.393691769624716414e+01 2.077436387593296274e+01
6.393691769624716414e+01 4.904162064036186486e+00
5.976518827218537666e+01 7.935100905948388572e+00
5.878037654437074622e+01 4.904162064036186486e+00
5.718691769624716414e+01 0.000000000000000000e+00
6.234345884812358207e+01 1.587020181189677714e+01
6.393691769624717125e+01 1.096603974786058977e+01
6.553037654437075332e+01 0.000000000000000000e+00
6.234345884812358918e+01 0.000000000000000000e+00
6.970210596843254791e+01 3.030938841912201642e+00
3.792172942406178748e+01 7.935100905948387684e+00
3.951518827218536956e+01 1.283926296998457417e+01
3.276518827218536956e+01 7.935100905948388572e+00
3.375000000000000000e+01 4.904162064036186486e+00
3.534345884812358207e+01 0.000000000000000000e+00
3.018691769624716059e+01 1.587020181189677714e+01
2.859345884812358207e+01 2.077436387593296274e+01
3.534345884812358207e+01 1.587020181189677714e+01
3.435864712030895163e+01 1.283926296998457417e+01
4.884345884812358207e+01 0.000000000000000000e+00
4.368691769624716414e+01 0.000000000000000000e+00
5.043691769624716414e+01 4.904162064036186486e+00
5.301518827218537666e+01 3.030938841912201642e+00
4.368691769624716414e+01 9.808324128072372972e+00
4.209345884812358207e+01 4.904162064036186486e+00
4.528037654437074622e+01 4.904162064036186486e+00
3.951518827218536956e+01 3.030938841912201642e+00
1.509345884812358030e+01 4.904162064036186486e+00
1.350000000000000000e+01 0.000000000000000000e+00
1.092172942406179104e+01 7.935100905948387684e+00
1.350000000000000000e+01 9.808324128072372972e+00
1.767172942406179104e+01 1.283926296998457417e+01
4.171729424061791036e+00 3.030938841912201198e+00
0.000000000000000000e+00 0.000000000000000000e+00
8.343458848123580296e+00 0.000000000000000000e+00
9.328270575938210740e+00 3.030938841912201198e+00
2.859345884812358207e+01 4.904162064036186486e+00
2.442172942406179104e+01 7.935100905948387684e+00
2.700000000000000000e+01 0.000000000000000000e+00
3.018691769624716059e+01 0.000000000000000000e+00
1.865654115187641793e+01 0.000000000000000000e+00
2.025000000000000000e+01 4.904162064036186486e+00
2.282827057593820896e+01 3.030938841912201642e+00
1.926518827218536956e+01 7.935100905948387684e+00
2.282827057593821252e+01 1.283926296998457417e+01
2.601518827218537311e+01 1.283926296998457417e+01
2.442172942406179104e+01 1.774342503402075977e+01
2.859345884812358207e+01 1.096603974786058977e+01
5.976518827218537666e+01 3.361362684591753691e+01
5.878037654437074622e+01 3.664456568782973989e+01
6.234345884812358207e+01 2.567852593996914834e+01
4.368691769624716414e+01 2.567852593996914834e+01
3.951518827218536956e+01 2.870946478188135131e+01
4.209345884812358207e+01 2.077436387593296274e+01
4.528037654437074622e+01 2.077436387593296274e+01
5.043691769624716414e+01 2.077436387593296274e+01
3.375000000000000000e+01 2.077436387593296274e+01
3.534345884812358207e+01 2.567852593996914834e+01
3.792172942406179459e+01 2.380530271784516216e+01
5.460864712030895873e+01 3.361362684591753691e+01
5.301518827218537666e+01 2.870946478188135131e+01
5.043691769624716414e+01 3.664456568782973989e+01
5.301518827218537666e+01 3.851778890995372251e+01
4.368691769624716414e+01 3.174040362379355429e+01
4.785864712030895163e+01 2.870946478188135131e+01
4.884345884812358207e+01 3.174040362379355429e+01
4.884345884812358207e+01 2.567852593996914834e+01
5.460864712030895163e+01 2.380530271784516216e+01
5.718691769624716414e+01 2.567852593996914834e+01
5.878037654437074622e+01 2.077436387593296274e+01
5.817172942406179459e+01 2.870946478188135131e+01
5.301518827218537666e+01 1.283926296998457417e+01
5.460864712030895163e+01 1.774342503402076332e+01
5.718691769624716414e+01 1.587020181189677714e+01
5.460864712030895873e+01 7.935100905948387684e+00
5.817172942406179459e+01 1.283926296998457417e+01
4.368691769624716414e+01 1.587020181189677714e+01
3.792172942406179459e+01 1.774342503402076332e+01
4.785864712030895163e+01 1.283926296998457417e+01
4.884345884812358207e+01 9.808324128072372972e+00
4.884345884812358207e+01 1.587020181189677714e+01
2.859345884812358918e+01 6.232309162779888823e+01
3.276518827218537666e+01 5.929215278588668525e+01
3.951518827218537666e+01 5.438799072185049965e+01
2.442172942406179814e+01 5.929215278588668525e+01
2.601518827218537666e+01 5.438799072185049965e+01
2.282827057593821607e+01 5.438799072185049965e+01
1.767172942406179459e+01 5.438799072185049965e+01
3.435864712030895873e+01 5.438799072185049965e+01
3.018691769624716770e+01 5.741892956376270263e+01
2.025000000000000355e+01 6.232309162779888823e+01
1.926518827218537311e+01 5.929215278588668525e+01
2.442172942406179459e+01 6.535403046971109120e+01
1.926518827218537666e+01 3.361362684591753691e+01
2.442172942406179459e+01 3.361362684591753691e+01
1.767172942406179459e+01 2.870946478188135131e+01
1.509345884812358385e+01 3.058268800400533749e+01
1.092172942406179281e+01 3.361362684591753691e+01
2.442172942406179459e+01 2.380530271784516572e+01
2.601518827218537311e+01 2.870946478188135131e+01
2.282827057593821252e+01 2.870946478188135131e+01
1.509345884812358385e+01 4.645288981590211108e+01
1.350000000000000355e+01 4.154872775186592548e+01
2.025000000000000355e+01 4.645288981590211108e+01
1.926518827218537311e+01 4.948382865781431406e+01
2.282827057593821252e+01 3.851778890995372251e+01
1.767172942406179459e+01 3.851778890995372251e+01
1.865654115187642503e+01 4.154872775186592548e+01
1.509345884812358385e+01 3.664456568782973989e+01
9.328270575938210740e+00 1.283926296998457417e+01
4.171729424061791036e+00 1.283926296998457417e+01
2.578270575938210296e+00 7.935100905948387684e+00
5.765188272185371332e+00 7.935100905948387684e+00
1.350000000000000178e+01 2.567852593996914834e+01
1.509345884812358207e+01 2.077436387593296274e+01
8.343458848123582072e+00 2.567852593996914834e+01
9.328270575938212517e+00 2.870946478188135131e+01
5.765188272185371332e+00 1.774342503402075977e+01
1.092172942406179104e+01 1.774342503402075977e+01
9.936917696247162368e+00 2.077436387593296274e+01
1.350000000000000000e+01 1.587020181189677537e+01
1.926518827218536956e+01 1.774342503402075977e+01
2.025000000000000000e+01 2.077436387593296274e+01
1.926518827218537311e+01 2.380530271784516572e+01
5.043691769624716414e+01 4.645288981590211108e+01
5.301518827218537666e+01 4.457966659377812846e+01
4.368691769624716414e+01 5.135705187993829668e+01
3.792172942406178748e+01 3.361362684591753691e+01
3.276518827218536956e+01 3.361362684591753691e+01
3.375000000000000000e+01 3.664456568782973989e+01
3.534345884812358207e+01 4.154872775186592548e+01
3.018691769624716059e+01 2.567852593996914834e+01
3.435864712030895163e+01 2.870946478188135131e+01
4.884345884812358207e+01 4.154872775186592548e+01
4.368691769624716414e+01 4.154872775186592548e+01
4.209345884812358207e+01 3.664456568782973989e+01
4.528037654437074622e+01 3.664456568782973989e+01
3.951518827218536956e+01 3.851778890995372251e+01
3.951518827218536956e+01 4.457966659377812846e+01
4.209345884812358207e+01 4.645288981590211108e+01
3.792172942406179459e+01 4.948382865781431406e+01
4.528037654437074622e+01 4.645288981590211108e+01
2.859345884812358207e+01 4.645288981590211108e+01
3.375000000000000711e+01 4.645288981590211108e+01
3.276518827218537666e+01 4.948382865781431406e+01
2.442172942406179459e+01 4.948382865781431406e+01
3.018691769624716770e+01 5.135705187993829668e+01
2.859345884812358207e+01 3.664456568782973989e+01
2.859345884812358207e+01 3.058268800400533749e+01
2.700000000000000355e+01 4.154872775186592548e+01
2.442172942406179459e+01 4.342195097398990811e+01
3.018691769624716414e+01 4.154872775186592548e+01
1.350000000000000355e+01 6.722725369183507382e+01
8.343458848123583849e+00 6.722725369183507382e+01
3.552713678800500929e-15 6.722725369183507382e+01
1.509345884812358385e+01 6.232309162779888823e+01
1.092172942406179459e+01 5.929215278588668525e+01
1.350000000000000355e+01 5.741892956376270263e+01
4.171729424061794589e+00 6.419631484992287085e+01
9.328270575938214293e+00 6.419631484992287085e+01
1.865654115187642503e+01 6.722725369183507382e+01
4.171729424061793701e+00 3.851778890995372251e+01
3.552713678800500929e-15 4.154872775186592548e+01
2.578270575938212517e+00 3.361362684591753691e+01
5.765188272185373108e+00 3.361362684591753691e+01
-5.765188272185367779e+00 3.361362684591754402e+01
-1.092172942406178748e+01 3.361362684591754402e+01
-4.171729424061787483e+00 3.851778890995372251e+01
-1.593458848123577631e+00 3.664456568782973989e+01
1.092172942406179459e+01 4.948382865781431406e+01
1.350000000000000355e+01 5.135705187993829668e+01
4.171729424061794589e+00 4.457966659377812846e+01
8.343458848123583849e+00 4.154872775186592548e+01
9.328270575938214293e+00 4.457966659377812846e+01
9.328270575938212517e+00 3.851778890995372251e+01
8.881784197001252323e-16 1.587020181189677714e+01
-4.171729424061789260e+00 1.283926296998457595e+01
-5.156541151876417928e+00 1.587020181189677892e+01
-6.749999999999998224e+00 2.077436387593296629e+01
-1.593458848123580296e+00 4.904162064036187374e+00
8.881784197001252323e-16 9.808324128072372972e+00
4.171729424061792812e+00 2.870946478188135131e+01
1.776356839400250465e-15 2.567852593996915189e+01
1.593458848123582072e+00 2.077436387593296274e+01
4.171729424061791924e+00 2.264758709805694892e+01
-1.593458848123578520e+00 2.077436387593296274e+01
-5.156541151876417928e+00 2.567852593996915189e+01
-4.171729424061788372e+00 2.870946478188135487e+01
-9.328270575938207188e+00 2.870946478188135487e+01
-1.593458848123578520e+00 3.058268800400533749e+01
-1.349999999999999467e+01 6.722725369183507382e+01
-1.668691769624715704e+01 6.722725369183507382e+01
-5.156541151876416151e+00 6.722725369183507382e+01
-1.092172942406178748e+01 4.948382865781431406e+01
-1.509345884812357674e+01 4.645288981590211819e+01
-6.749999999999997335e+00 4.645288981590211108e+01
-5.765188272185367779e+00 4.948382865781431406e+01
-4.171729424061787483e+00 5.438799072185049965e+01
-9.328270575938207188e+00 3.851778890995372961e+01
-1.349999999999999645e+01 4.154872775186593259e+01
-1.092172942406178748e+01 4.342195097398991521e+01
-1.509345884812357674e+01 6.232309162779888823e+01
-1.092172942406178748e+01 5.929215278588668525e+01
-1.926518827218536600e+01 5.929215278588668525e+01
-2.024999999999999645e+01 6.232309162779888823e+01
-1.668691769624715704e+01 5.135705187993830378e+01
-1.251518827218536778e+01 5.438799072185049965e+01
-1.509345884812357674e+01 5.626121394397448228e+01
-9.328270575938207188e+00 5.438799072185049965e+01
-5.765188272185367779e+00 5.929215278588668525e+01
-6.749999999999996447e+00 6.232309162779888823e+01
-1.593458848123577187e+00 6.232309162779888823e+01
-9.328270575938205411e+00 6.419631484992287085e+01
4.171729424061794589e+00 5.438799072185049965e+01
3.552713678800500929e-15 5.741892956376270263e+01
2.578270575938213849e+00 5.929215278588668525e+01
9.328270575938214293e+00 5.438799072185049965e+01
5.765188272185374885e+00 5.929215278588668525e+01
-1.593458848123577187e+00 4.645288981590211108e+01
-5.156541151876417040e+00 4.154872775186592548e+01
2.578270575938213849e+00 4.948382865781431406e+01
5.765188272185374885e+00 4.948382865781431406e+01
3.552713678800500929e-15 5.135705187993829668e+01
-5.043691769624716414e+01 4.645288981590212529e+01
-4.626518827218536956e+01 4.948382865781432827e+01
-3.951518827218536956e+01 5.438799072185051386e+01
-4.884345884812358207e+01 4.154872775186593969e+01
-4.368691769624716414e+01 4.154872775186593969e+01
-4.467172942406179459e+01 3.851778890995373672e+01
-4.626518827218537666e+01 3.361362684591754402e+01
-4.110864712030895163e+01 4.948382865781432827e+01
-4.528037654437073911e+01 4.645288981590212529e+01
-5.301518827218537666e+01 3.851778890995373672e+01
-5.043691769624716414e+01 3.664456568782974699e+01
-5.460864712030895163e+01 4.342195097398992232e+01
-2.601518827218537311e+01 2.870946478188135487e+01
-2.442172942406179104e+01 3.361362684591754402e+01
-2.184345884812358207e+01 2.567852593996915544e+01
-2.442172942406179104e+01 2.380530271784516927e+01
-2.859345884812358207e+01 2.077436387593296629e+01
-1.509345884812357852e+01 3.058268800400534104e+01
-1.926518827218536956e+01 3.361362684591754402e+01
-2.025000000000000000e+01 3.058268800400534104e+01
-3.951518827218537666e+01 2.870946478188135842e+01
-3.534345884812358207e+01 2.567852593996915544e+01
-3.792172942406179459e+01 3.361362684591754402e+01
-4.110864712030895873e+01 3.361362684591754402e+01
-2.957827057593821252e+01 3.361362684591754402e+01
-3.117172942406179104e+01 2.870946478188135842e+01
-3.375000000000000000e+01 3.058268800400534460e+01
-3.018691769624716059e+01 2.567852593996915544e+01
-9.328270575938208964e+00 1.283926296998457772e+01
-1.092172942406179104e+01 7.935100905948390348e+00
-6.750000000000000000e+00 4.904162064036187374e+00
-5.765188272185370444e+00 7.935100905948389460e+00
-2.025000000000000000e+01 2.077436387593296629e+01
-1.509345884812358207e+01 2.077436387593296629e+01
-2.184345884812358207e+01 1.587020181189677892e+01
-2.442172942406179104e+01 1.774342503402076332e+01
-1.509345884812358207e+01 1.096603974786059155e+01
-1.350000000000000178e+01 1.587020181189677892e+01
-1.668691769624716414e+01 1.587020181189677892e+01
-1.092172942406179104e+01 1.774342503402076332e+01
-1.092172942406178926e+01 2.380530271784516927e+01
-1.350000000000000000e+01 2.567852593996915544e+01
-1.668691769624716059e+01 2.567852593996915544e+01
-2.859345884812357497e+01 6.232309162779889533e+01
-2.601518827218536600e+01 6.419631484992287085e+01
-3.534345884812357497e+01 5.741892956376271684e+01
-2.024999999999999645e+01 4.645288981590211819e+01
-2.184345884812357852e+01 4.154872775186593969e+01
-2.442172942406178748e+01 4.342195097398992232e+01
-2.859345884812357852e+01 4.645288981590212529e+01
-1.509345884812357852e+01 3.664456568782974699e+01
-1.668691769624715704e+01 4.154872775186593259e+01
-2.442172942406178393e+01 5.929215278588669236e+01
-2.601518827218536600e+01 5.438799072185050676e+01
-2.184345884812357497e+01 5.135705187993830378e+01
-2.085864712030894452e+01 5.438799072185049965e+01
-2.442172942406178748e+01 4.948382865781432116e+01
-3.018691769624715704e+01 5.135705187993831089e+01
-3.117172942406178748e+01 5.438799072185050676e+01
-3.534345884812357497e+01 5.135705187993831089e+01
-3.018691769624715704e+01 5.741892956376270973e+01
-3.534345884812358207e+01 4.154872775186593969e+01
-3.375000000000000000e+01 4.645288981590212529e+01
-3.693691769624716414e+01 4.645288981590212529e+01
-3.951518827218537666e+01 3.851778890995373672e+01
-3.951518827218537666e+01 4.457966659377814267e+01
-2.601518827218536956e+01 3.851778890995373672e+01
-2.025000000000000000e+01 3.664456568782974699e+01
-3.117172942406179104e+01 3.851778890995373672e+01
-3.375000000000000000e+01 3.664456568782974699e+01
-3.018691769624716059e+01 4.154872775186593969e+01
-5.976518827218537666e+01 3.361362684591754402e+01
-6.135864712030895873e+01 2.870946478188135487e+01
-6.393691769624717125e+01 2.077436387593296629e+01
-5.460864712030895873e+01 3.361362684591754402e+01
-5.301518827218537666e+01 2.870946478188135487e+01
-5.043691769624716414e+01 3.058268800400534104e+01
-5.976518827218537666e+01 2.380530271784516927e+01
-5.817172942406179459e+01 2.870946478188135487e+01
-5.817172942406179459e+01 3.851778890995373672e+01
-3.534345884812358207e+01 1.587020181189678070e+01
-3.951518827218537666e+01 1.283926296998458128e+01
-3.117172942406179459e+01 1.283926296998457772e+01
-3.018691769624716414e+01 1.587020181189678070e+01
-3.375000000000000711e+01 4.904162064036190039e+00
-3.534345884812358918e+01 4.328325374915075093e-15
-3.792172942406179459e+01 7.935100905948393901e+00
-3.534345884812358207e+01 9.808324128072378301e+00
-4.368691769624716414e+01 2.567852593996915544e+01
-4.467172942406179459e+01 2.870946478188135842e+01
-4.110864712030895873e+01 1.774342503402076687e+01
-3.693691769624716414e+01 2.077436387593296985e+01
-3.951518827218537666e+01 2.264758709805695602e+01
-3.375000000000000000e+01 2.077436387593296985e+01
-1.509345884812358207e+01 4.904162064036189150e+00
-1.350000000000000355e+01 1.653273178848927064e-15
-1.668691769624716414e+01 2.043558034434441535e-15
-2.184345884812358562e+01 2.675052196066147832e-15
-5.156541151876421480e+00 6.314941616317064934e-16
-9.328270575938212517e+00 3.030938841912202530e+00
-2.601518827218537311e+01 1.283926296998457772e+01
-2.442172942406179459e+01 7.935100905948392125e+00
-1.926518827218537311e+01 7.935100905948391237e+00
-2.025000000000000355e+01 1.096603974786059155e+01
-2.025000000000000355e+01 4.904162064036189150e+00
-2.601518827218537666e+01 3.030938841912205195e+00
-2.859345884812358562e+01 4.904162064036190927e+00
-3.018691769624716770e+01 3.696831213283368796e-15
-2.957827057593821607e+01 7.935100905948392125e+00
-6.810864712030897294e+01 7.935100905948393901e+00
-6.909345884812360339e+01 4.904162064036193591e+00
-6.553037654437075332e+01 1.587020181189678070e+01
-5.043691769624717125e+01 4.904162064036190927e+00
-4.884345884812358918e+01 5.981598553764001959e-15
-4.626518827218538377e+01 7.935100905948392125e+00
-4.884345884812359628e+01 9.808324128072376524e+00
-5.301518827218538377e+01 1.283926296998457772e+01
-3.951518827218538377e+01 3.030938841912205639e+00
-4.368691769624717125e+01 5.350104392132295663e-15
-4.467172942406180169e+01 3.030938841912206527e+00
-6.393691769624717836e+01 4.904162064036192703e+00
-5.976518827218538377e+01 7.935100905948393013e+00
-6.234345884812359628e+01 7.634871732612928037e-15
-6.553037654437075332e+01 8.025156588198441522e-15
-5.400000000000001421e+01 6.613092715395708256e-15
-5.559345884812358918e+01 4.904162064036191815e+00
-5.817172942406180169e+01 3.030938841912207415e+00
-5.460864712030895873e+01 7.935100905948393013e+00
-5.817172942406180169e+01 1.283926296998457772e+01
-6.135864712030896584e+01 1.283926296998457772e+01
-5.976518827218538377e+01 1.774342503402076332e+01
-6.393691769624717836e+01 1.096603974786059332e+01
-5.043691769624717125e+01 2.077436387593296985e+01
-5.460864712030895873e+01 1.774342503402076687e+01
-5.559345884812358918e+01 2.077436387593296985e+01
-4.884345884812358918e+01 2.567852593996915544e+01
-5.460864712030895873e+01 2.380530271784516927e+01
-4.467172942406180169e+01 1.283926296998457950e+01
-4.110864712030895873e+01 7.935100905948393013e+00
-4.626518827218537666e+01 1.774342503402076687e+01
-4.528037654437074622e+01 2.077436387593296985e+01
-4.884345884812358918e+01 1.587020181189678070e+01
-5.976518827218539087e+01 -3.361362684591752981e+01
-6.135864712030897294e+01 -2.870946478188134421e+01
-6.393691769624717836e+01 -2.077436387593295564e+01
-5.460864712030896584e+01 -3.361362684591752981e+01
-5.301518827218538377e+01 -2.870946478188134421e+01
-5.043691769624717125e+01 -3.058268800400533038e+01
-4.626518827218538377e+01 -3.361362684591752981e+01
-5.976518827218538377e+01 -2.380530271784515861e+01
-5.817172942406180880e+01 -2.870946478188134421e+01
-5.301518827218538377e+01 -3.851778890995371540e+01
-5.043691769624717125e+01 -3.664456568782973278e+01
-5.817172942406180880e+01 -3.851778890995371540e+01
-3.534345884812358918e+01 -1.587020181189677004e+01
-3.951518827218538377e+01 -1.283926296998456706e+01
-3.117172942406179814e+01 -1.283926296998456884e+01
-3.018691769624716770e+01 -1.587020181189677004e+01
-2.859345884812358918e+01 -2.077436387593295564e+01
-3.375000000000000711e+01 -4.904162064036182045e+00
-3.792172942406180169e+01 -7.935100905948380579e+00
-3.534345884812358918e+01 -9.808324128072365866e+00
-3.951518827218538377e+01 -2.870946478188134421e+01
-3.534345884812358918e+01 -2.567852593996914123e+01
-4.368691769624717125e+01 -2.567852593996914123e+01
-4.467172942406180169e+01 -2.870946478188134421e+01
-4.110864712030896584e+01 -1.774342503402075266e+01
-3.693691769624717125e+01 -2.077436387593295564e+01
-3.951518827218538377e+01 -2.264758709805694181e+01
-3.375000000000000711e+01 -2.077436387593295564e+01
-1.509345884812358562e+01 -4.904162064036183821e+00
-1.092172942406179459e+01 -7.935100905948385019e+00
-6.750000000000002665e+00 -4.904162064036184709e+00
-9.328270575938212517e+00 -3.030938841912199866e+00
-2.601518827218538021e+01 -1.283926296998456884e+01
-2.442172942406179814e+01 -7.935100905948383243e+00
-2.184345884812358918e+01 -1.587020181189677004e+01
-2.442172942406179814e+01 -1.774342503402075621e+01
-1.509345884812358562e+01 -1.096603974786058444e+01
-1.926518827218537666e+01 -7.935100905948384131e+00
-2.025000000000000711e+01 -1.096603974786058444e+01
-2.025000000000000711e+01 -4.904162064036182933e+00
-2.601518827218537666e+01 -3.030938841912197645e+00
-2.859345884812358918e+01 -4.904162064036182045e+00
-2.957827057593821962e+01 -7.935100905948383243e+00
-6.810864712030897294e+01 -7.935100905948381467e+00
-6.909345884812360339e+01 -4.904162064036178492e+00
-6.553037654437076753e+01 -1.587020181189677004e+01
-5.043691769624717125e+01 -4.904162064036181157e+00
-4.626518827218538377e+01 -7.935100905948382355e+00
-4.884345884812359628e+01 -9.808324128072367643e+00
-5.301518827218538377e+01 -1.283926296998456884e+01
-3.951518827218538377e+01 -3.030938841912196757e+00
-4.467172942406180169e+01 -3.030938841912195869e+00
-6.393691769624717836e+01 -4.904162064036178492e+00
-5.976518827218538377e+01 -7.935100905948380579e+00
-5.559345884812358918e+01 -4.904162064036179380e+00
-5.817172942406180169e+01 -3.030938841912194537e+00
-5.460864712030895873e+01 -7.935100905948381467e+00
-5.817172942406180169e+01 -1.283926296998456706e+01
-6.135864712030896584e+01 -1.283926296998456706e+01
-5.976518827218538377e+01 -1.774342503402075266e+01
-6.393691769624717836e+01 -1.096603974786058266e+01
-5.043691769624717125e+01 -2.077436387593295564e+01
-5.460864712030896584e+01 -1.774342503402075266e+01
-5.559345884812359628e+01 -2.077436387593295564e+01
-4.884345884812358918e+01 -2.567852593996914123e+01
-5.460864712030896584e+01 -2.380530271784515861e+01
-4.467172942406180169e+01 -1.283926296998456706e+01
-4.110864712030896584e+01 -7.935100905948381467e+00
-4.626518827218538377e+01 -1.774342503402075266e+01
-4.528037654437075332e+01 -2.077436387593295564e+01
-4.884345884812359628e+01 -1.587020181189676826e+01
-5.043691769624717125e+01 -4.645288981590211108e+01
-4.626518827218538377e+01 -4.948382865781431406e+01
-3.951518827218538377e+01 -5.438799072185049965e+01
-4.884345884812358918e+01 -4.154872775186592548e+01
-4.368691769624717125e+01 -4.154872775186592548e+01
-4.467172942406180169e+01 -3.851778890995372251e+01
-4.110864712030896584e+01 -4.948382865781431406e+01
-4.528037654437075332e+01 -4.645288981590211108e+01
-5.460864712030896584e+01 -4.342195097398990811e+01
-2.601518827218538021e+01 -2.870946478188134776e+01
-2.442172942406179814e+01 -3.361362684591753691e+01
-2.184345884812358918e+01 -2.567852593996914479e+01
-2.442172942406179814e+01 -2.380530271784515861e+01
-1.509345884812358918e+01 -3.058268800400533394e+01
-1.092172942406179814e+01 -3.361362684591753691e+01
-1.926518827218537666e+01 -3.361362684591753691e+01
-2.025000000000000711e+01 -3.058268800400533394e+01
-3.792172942406180169e+01 -3.361362684591752981e+01
-4.110864712030896584e+01 -3.361362684591752981e+01
-2.957827057593821962e+01 -3.361362684591753691e+01
-3.117172942406179814e+01 -2.870946478188134421e+01
-3.375000000000000711e+01 -3.058268800400533038e+01
-3.018691769624716770e+01 -2.567852593996914123e+01
-9.328270575938214293e+00 -1.283926296998457417e+01
-4.171729424061792812e+00 -1.283926296998457417e+01
-5.156541151876423257e+00 -1.587020181189677714e+01
-6.750000000000004441e+00 -2.077436387593296274e+01
-1.593458848123581628e+00 -4.904162064036186486e+00
-5.765188272185373108e+00 -7.935100905948386796e+00
-2.025000000000000711e+01 -2.077436387593295919e+01
-1.509345884812358562e+01 -2.077436387593295919e+01
-1.350000000000000533e+01 -1.587020181189677359e+01
-1.668691769624716770e+01 -1.587020181189677182e+01
-1.092172942406179459e+01 -1.774342503402075977e+01
-1.092172942406179637e+01 -2.380530271784516216e+01
-1.350000000000000711e+01 -2.567852593996914834e+01
-9.328270575938216069e+00 -2.870946478188135131e+01
-1.668691769624716770e+01 -2.567852593996914834e+01
-2.859345884812359273e+01 -6.232309162779888823e+01
-2.601518827218538377e+01 -6.419631484992287085e+01
-3.534345884812358918e+01 -5.741892956376270263e+01
-2.025000000000001066e+01 -4.645288981590211108e+01
-1.509345884812358918e+01 -4.645288981590211108e+01
-2.184345884812358918e+01 -4.154872775186592548e+01
-2.442172942406180169e+01 -4.342195097398990811e+01
-2.859345884812359273e+01 -4.645288981590211108e+01
-1.509345884812358918e+01 -3.664456568782973989e+01
-1.350000000000000888e+01 -4.154872775186592548e+01
-1.668691769624717125e+01 -4.154872775186592548e+01
-2.442172942406180169e+01 -5.929215278588668525e+01
-2.601518827218538377e+01 -5.438799072185049965e+01
-1.926518827218538021e+01 -5.929215278588668525e+01
-2.025000000000001066e+01 -6.232309162779888823e+01
-1.668691769624717125e+01 -5.135705187993829668e+01
-2.184345884812359273e+01 -5.135705187993829668e+01
-2.085864712030896229e+01 -5.438799072185049965e+01
-2.442172942406180169e+01 -4.948382865781431406e+01
-3.018691769624717125e+01 -5.135705187993829668e+01
-3.117172942406180169e+01 -5.438799072185049965e+01
-3.534345884812358918e+01 -5.135705187993829668e+01
-3.018691769624717125e+01 -5.741892956376270263e+01
-3.534345884812358918e+01 -4.154872775186592548e+01
-3.375000000000001421e+01 -4.645288981590211108e+01
-3.693691769624717125e+01 -4.645288981590211108e+01
-3.951518827218538377e+01 -3.851778890995372251e+01
-3.951518827218538377e+01 -4.457966659377812846e+01
-2.601518827218538021e+01 -3.851778890995372251e+01
-2.025000000000000711e+01 -3.664456568782973989e+01
-3.117172942406179814e+01 -3.851778890995372251e+01
-3.375000000000000711e+01 -3.664456568782973278e+01
-3.018691769624717125e+01 -4.154872775186592548e+01
1.349999999999998934e+01 -6.722725369183507382e+01
8.343458848123567861e+00 -6.722725369183507382e+01
-1.421085471520200372e-14 -6.722725369183507382e+01
1.509345884812356964e+01 -6.232309162779888823e+01
1.092172942406177860e+01 -5.929215278588669236e+01
1.349999999999998934e+01 -5.741892956376270973e+01
1.767172942406178038e+01 -5.438799072185050676e+01
4.171729424061776825e+00 -6.419631484992287085e+01
9.328270575938198306e+00 -6.419631484992287085e+01
2.024999999999998934e+01 -6.232309162779890244e+01
1.926518827218535890e+01 -5.929215278588669946e+01
1.865654115187641082e+01 -6.722725369183507382e+01
4.171729424061783931e+00 -3.851778890995372251e+01
-7.105427357601001859e-15 -4.154872775186592548e+01
2.578270575938201858e+00 -3.361362684591753691e+01
5.765188272185363338e+00 -3.361362684591753691e+01
1.092172942406178393e+01 -3.361362684591753691e+01
-5.765188272185378437e+00 -3.361362684591753691e+01
-4.171729424061798142e+00 -3.851778890995372251e+01
-1.593458848123588290e+00 -3.664456568782973989e+01
1.509345884812357141e+01 -4.645288981590211108e+01
1.349999999999999289e+01 -4.154872775186592548e+01
1.092172942406178038e+01 -4.948382865781431406e+01
1.349999999999998934e+01 -5.135705187993830378e+01
4.171729424061782154e+00 -4.457966659377812846e+01
8.343458848123573190e+00 -4.154872775186592548e+01
9.328270575938201858e+00 -4.457966659377812846e+01
9.328270575938203635e+00 -3.851778890995372251e+01
-2.664535259100375697e-15 -1.587020181189677714e+01
4.171729424061788372e+00 -1.283926296998457417e+01
2.578270575938208520e+00 -7.935100905948387684e+00
-1.776356839400250465e-15 -9.808324128072372972e+00
4.171729424061785707e+00 -2.870946478188135131e+01
-3.552713678800500929e-15 -2.567852593996914834e+01
8.343458848123574967e+00 -2.567852593996914834e+01
9.328270575938203635e+00 -2.870946478188135131e+01
5.765188272185367779e+00 -1.774342503402075977e+01
1.593458848123577631e+00 -2.077436387593296274e+01
4.171729424061786595e+00 -2.264758709805694892e+01
-1.593458848123583849e+00 -2.077436387593296274e+01
-5.156541151876425033e+00 -2.567852593996914834e+01
-4.171729424061795477e+00 -2.870946478188135131e+01
-1.593458848123586513e+00 -3.058268800400533749e+01
-1.350000000000001243e+01 -6.722725369183507382e+01
-1.668691769624717125e+01 -6.722725369183507382e+01
-5.156541151876433915e+00 -6.722725369183507382e+01
-1.092172942406180169e+01 -4.948382865781431406e+01
-6.750000000000010658e+00 -4.645288981590211108e+01
-5.765188272185381990e+00 -4.948382865781431406e+01
-4.171729424061802582e+00 -5.438799072185049965e+01
-9.328270575938219622e+00 -3.851778890995372251e+01
-1.092172942406179992e+01 -4.342195097398990811e+01
-1.509345884812359273e+01 -6.232309162779888823e+01
-1.092172942406180169e+01 -5.929215278588668525e+01
-1.251518827218538021e+01 -5.438799072185049965e+01
-1.509345884812358918e+01 -5.626121394397448228e+01
-9.328270575938219622e+00 -5.438799072185049965e+01
-5.765188272185382878e+00 -5.929215278588668525e+01
-6.750000000000012434e+00 -6.232309162779888823e+01
-1.593458848123594063e+00 -6.232309162779888823e+01
-9.328270575938223175e+00 -6.419631484992287085e+01
4.171729424061780378e+00 -5.438799072185049965e+01
-1.154631945610162802e-14 -5.741892956376270263e+01
2.578270575938198306e+00 -5.929215278588668525e+01
9.328270575938200082e+00 -5.438799072185049965e+01
5.765188272185358898e+00 -5.929215278588668525e+01
-1.593458848123589622e+00 -4.645288981590211108e+01
-5.156541151876428586e+00 -4.154872775186592548e+01
2.578270575938200970e+00 -4.948382865781431406e+01
5.765188272185362450e+00 -4.948382865781431406e+01
-1.065814103640150279e-14 -5.135705187993829668e+01
2.859345884812357497e+01 -6.232309162779890244e+01
3.276518827218536956e+01 -5.929215278588669946e+01
3.951518827218536956e+01 -5.438799072185051386e+01
2.442172942406178393e+01 -5.929215278588669946e+01
2.601518827218536245e+01 -5.438799072185050676e+01
2.282827057593820186e+01 -5.438799072185050676e+01
3.435864712030894452e+01 -5.438799072185051386e+01
3.018691769624715704e+01 -5.741892956376270973e+01
2.442172942406178038e+01 -6.535403046971110541e+01
1.926518827218536600e+01 -3.361362684591754402e+01
2.442172942406178748e+01 -3.361362684591754402e+01
1.767172942406178748e+01 -2.870946478188135131e+01
1.509345884812357497e+01 -3.058268800400533749e+01
2.442172942406179104e+01 -2.380530271784516927e+01
2.859345884812358207e+01 -2.077436387593296985e+01
2.601518827218536956e+01 -2.870946478188135842e+01
2.282827057593820896e+01 -2.870946478188135487e+01
2.024999999999999289e+01 -4.645288981590211819e+01
1.926518827218536245e+01 -4.948382865781432116e+01
2.282827057593820541e+01 -3.851778890995372961e+01
1.767172942406178393e+01 -3.851778890995372251e+01
1.865654115187641438e+01 -4.154872775186592548e+01
1.509345884812357497e+01 -3.664456568782973989e+01
9.328270575938208964e+00 -1.283926296998457595e+01
1.092172942406179104e+01 -7.935100905948389460e+00
1.350000000000000000e+01 -9.808324128072374748e+00
1.767172942406179104e+01 -1.283926296998457772e+01
4.171729424061791036e+00 -3.030938841912202086e+00
5.765188272185370444e+00 -7.935100905948388572e+00
1.349999999999999645e+01 -2.567852593996914834e+01
1.509345884812357852e+01 -2.077436387593296274e+01
1.092172942406178748e+01 -1.774342503402075977e+01
9.936917696247157039e+00 -2.077436387593296274e+01
1.350000000000000000e+01 -1.587020181189677714e+01
1.926518827218536956e+01 -1.774342503402076332e+01
2.025000000000000000e+01 -2.077436387593296629e+01
2.442172942406179104e+01 -1.774342503402076687e+01
1.926518827218536956e+01 -2.380530271784516572e+01
5.043691769624716414e+01 -4.645288981590212529e+01
5.301518827218537666e+01 -4.457966659377814267e+01
4.368691769624716414e+01 -5.135705187993831089e+01
3.792172942406178748e+01 -3.361362684591755112e+01
3.951518827218536956e+01 -2.870946478188136197e+01
3.276518827218536956e+01 -3.361362684591755112e+01
3.375000000000000000e+01 -3.664456568782975410e+01
3.534345884812358207e+01 -4.154872775186593969e+01
3.018691769624716059e+01 -2.567852593996915900e+01
3.534345884812358207e+01 -2.567852593996915900e+01
3.435864712030895163e+01 -2.870946478188136197e+01
4.884345884812358207e+01 -4.154872775186593969e+01
4.368691769624716414e+01 -4.154872775186593969e+01
5.043691769624716414e+01 -3.664456568782975410e+01
5.301518827218537666e+01 -3.851778890995373672e+01
4.368691769624716414e+01 -3.174040362379356495e+01
4.209345884812358207e+01 -3.664456568782975410e+01
4.528037654437074622e+01 -3.664456568782975410e+01
3.951518827218536956e+01 -3.851778890995373672e+01
3.951518827218536956e+01 -4.457966659377814267e+01
4.209345884812358207e+01 -4.645288981590212529e+01
3.792172942406178748e+01 -4.948382865781432827e+01
4.528037654437074622e+01 -4.645288981590212529e+01
2.859345884812357497e+01 -4.645288981590212529e+01
3.375000000000000000e+01 -4.645288981590212529e+01
3.276518827218536956e+01 -4.948382865781432827e+01
2.442172942406178393e+01 -4.948382865781432827e+01
3.018691769624715704e+01 -5.135705187993831089e+01
2.859345884812357852e+01 -3.664456568782974699e+01
2.859345884812357852e+01 -3.058268800400534460e+01
2.699999999999999645e+01 -4.154872775186593969e+01
2.442172942406178393e+01 -4.342195097398992232e+01
3.018691769624716059e+01 -4.154872775186593969e+01
6.810864712030895873e+01 -7.935100905948407224e+00
6.651518827218538377e+01 -1.283926296998459549e+01
6.393691769624716414e+01 -2.077436387593298406e+01
6.393691769624716414e+01 -4.904162064036203361e+00
5.976518827218537666e+01 -7.935100905948406336e+00
5.878037654437074622e+01 -4.904162064036203361e+00
6.234345884812358207e+01 -1.587020181189679491e+01
6.393691769624717125e+01 -1.096603974786060931e+01
6.970210596843254791e+01 -3.030938841912219850e+00
3.792172942406178748e+01 -7.935100905948397454e+00
3.951518827218536956e+01 -1.283926296998458483e+01
3.276518827218536956e+01 -7.935100905948395678e+00
3.375000000000000000e+01 -4.904162064036194479e+00
3.018691769624716059e+01 -1.587020181189678425e+01
3.534345884812358207e+01 -1.587020181189678425e+01
3.435864712030895163e+01 -1.283926296998458128e+01
5.043691769624716414e+01 -4.904162064036199808e+00
5.301518827218537666e+01 -3.030938841912214965e+00
4.368691769624716414e+01 -9.808324128072385406e+00
4.209345884812358207e+01 -4.904162064036197144e+00
4.528037654437074622e+01 -4.904162064036198032e+00
3.951518827218536956e+01 -3.030938841912210968e+00
1.509345884812358030e+01 -4.904162064036190039e+00
9.328270575938210740e+00 -3.030938841912202975e+00
2.859345884812358207e+01 -4.904162064036192703e+00
2.442172942406179104e+01 -7.935100905948393013e+00
2.025000000000000000e+01 -4.904162064036190927e+00
2.282827057593820896e+01 -3.030938841912206971e+00
1.926518827218536956e+01 -7.935100905948392125e+00
2.282827057593821252e+01 -1.283926296998457950e+01
2.601518827218537311e+01 -1.283926296998458128e+01
2.859345884812358207e+01 -1.096603974786059688e+01
5.976518827218537666e+01 -3.361362684591755112e+01
5.878037654437074622e+01 -3.664456568782975410e+01
6.234345884812358207e+01 -2.567852593996916966e+01
4.368691769624716414e+01 -2.567852593996916255e+01
4.209345884812358207e+01 -2.077436387593297340e+01
4.528037654437074622e+01 -2.077436387593297340e+01
5.043691769624716414e+01 -2.077436387593297695e+01
3.375000000000000000e+01 -2.077436387593296985e+01
3.792172942406179459e+01 -2.380530271784517282e+01
5.460864712030895873e+01 -3.361362684591755112e+01
5.301518827218537666e+01 -2.870946478188136552e+01
4.785864712030895163e+01 -2.870946478188136552e+01
4.884345884812358207e+01 -3.174040362379356850e+01
4.884345884812358207e+01 -2.567852593996916255e+01
5.460864712030895163e+01 -2.380530271784517993e+01
5.718691769624716414e+01 -2.567852593996916610e+01
5.878037654437074622e+01 -2.077436387593298051e+01
5.817172942406179459e+01 -2.870946478188136552e+01
5.301518827218537666e+01 -1.283926296998458838e+01
5.460864712030895163e+01 -1.774342503402077753e+01
5.718691769624716414e+01 -1.587020181189679313e+01
5.460864712030895873e+01 -7.935100905948401895e+00
5.817172942406179459e+01 -1.283926296998459193e+01
4.368691769624716414e+01 -1.587020181189678780e+01
3.792172942406179459e+01 -1.774342503402077043e+01
4.785864712030895163e+01 -1.283926296998458660e+01
4.884345884812358207e+01 -9.808324128072385406e+00
4.884345884812358207e+01 -1.587020181189678958e+01
