2.5 0.8660254037844386
2.5 0
2 0
1.5 0.8660254037844386
1.75 1.299038105676658
1 1.7320508075688772
1 2.598076211353316
1.5 2.598076211353316
1.75 2.1650635094610964
2.5 2.598076211353316
3.25 2.1650635094610964
3 1.7320508075688772
3.25 1.299038105676658
0.5000000000000001 2.598076211353316
1.1102230246251565e-16 1.7320508075688772
0.25 1.2990381056766578
-0.5 0.8660254037844385
-0.5 0
0 0
0.25 0.4330127018922192
0.9999999999999999 0
1.75 0.4330127018922192
4 1.7320508075688772
4 2.598076211353316
3.5 2.598076211353316
3 0
3.25 0.4330127018922192
4 0
4.75 0.4330127018922192
4.5 0.8660254037844386
4.75 1.299038105676658
3 3.4641016151377544
2.5 3.4641016151377544
2.5 4.330127018922193
1.75 4.763139720814412
1.5 4.330127018922193
1.75 3.897114317029974
1 3.464101615137755
7 -4.440892098500626e-16
7 -0.866025403784439
6.5 -0.8660254037844389
6 -2.220446049250313e-16
6.25 0.4330127018922192
5.5 0.8660254037844384
5.5 1.7320508075688774
6 1.732050807568877
6.25 1.2990381056766573
7 1.732050807568877
7.75 1.2990381056766573
7.5 0.8660254037844382
7.75 0.43301270189221897
5.000000000000001 1.7320508075688774
4 -0.8660254037844385
4.5 -0.8660254037844386
4.75 -0.43301270189221946
5.5 -0.8660254037844387
6.25 -0.4330127018922197
8.5 0.8660254037844379
8.5 1.7320508075688765
8 1.732050807568877
7.5 -0.866025403784439
7.75 -0.43301270189221996
8.5 -0.8660254037844393
9.25 -0.4330127018922202
9 -7.771561172376096e-16
9.25 0.4330127018922185
7.5 2.598076211353315
7 2.598076211353315
7.000000000000001 3.4641016151377544
6.250000000000001 3.897114317029974
6.000000000000001 3.4641016151377544
6.250000000000001 3.0310889132455348
5.500000000000001 2.598076211353316
4.0000000000000036 5.196152422706634
3.250000000000003 5.629165124598854
3.500000000000003 6.062177826491073
4.5000000000000036 6.062177826491074
4.7500000000000036 5.629165124598854
5.5000000000000036 6.062177826491073
6.250000000000004 5.629165124598854
6.0000000000000036 5.196152422706635
5.5000000000000036 5.196152422706635
5.5000000000000036 4.330127018922195
4.7500000000000036 3.8971143170299762
4.5000000000000036 4.330127018922196
4.0000000000000036 4.330127018922195
6.500000000000004 6.062177826491073
6.000000000000004 6.928203230275512
5.5000000000000036 6.928203230275512
5.5000000000000036 7.794228634059952
4.7500000000000036 8.22724133595217
4.5000000000000036 7.794228634059952
4.7500000000000036 7.361215932167732
4.0000000000000036 6.928203230275512
4.0000000000000036 6.062177826491074
4.0000000000000036 3.464101615137756
4.7500000000000036 3.0310889132455365
5.0000000000000036 3.464101615137756
3.0000000000000027 5.196152422706635
3.2500000000000027 4.763139720814415
3.250000000000003 3.0310889132455374
7.750000000000005 3.8971143170299762
7.500000000000004 4.330127018922196
7.000000000000005 4.330127018922195
7.000000000000005 5.196152422706635
2.5000000000000027 6.062177826491074
2.5000000000000027 6.928203230275512
2.0000000000000027 6.928203230275512
1.5000000000000022 6.062177826491073
1.7500000000000024 5.629165124598854
1.000000000000002 5.196152422706635
1.000000000000002 4.330127018922195
3.500000000000003 7.794228634059952
3.250000000000003 7.361215932167732
2.5000000000000027 7.794228634059952
1.7500000000000024 7.361215932167732
-0.4999999999999999 2.5980762113533156
-0.49999999999999983 3.4641016151377544
-0.9999999999999998 3.4641016151377544
-1.4999999999999998 2.5980762113533156
-1.2499999999999998 2.1650635094610964
-1.9999999999999998 1.7320508075688767
-1.9999999999999998 0.8660254037844384
-1.4999999999999998 0.8660254037844384
-1.25 1.2990381056766576
0.25 2.1650635094610964
0.5 4.330127018922193
0.2500000000000001 3.8971143170299736
-0.49999999999999983 4.330127018922193
-1.2499999999999996 3.897114317029973
2.5 -0.8660254037844386
1.75 -1.299038105676658
2 -1.7320508075688772
3 -1.7320508075688772
3.25 -1.299038105676658
4 -1.7320508075688772
4.75 -1.299038105676658
0.5000000000000001 -0.8660254037844386
1 -0.8660254037844386
1 -1.7320508075688772
1.75 -2.1650635094610964
7 -1.7320508075688776
6.25 -2.165063509461097
6.5 -2.598076211353316
7.5 -2.5980762113533165
7.75 -2.1650635094610973
8.5 -2.5980762113533165
9.25 -2.1650635094610973
9 -1.732050807568878
8.5 -1.7320508075688779
5 -1.7320508075688772
5.5 -1.7320508075688774
5.5 -2.598076211353316
6.25 -3.031088913245535
8.5 2.598076211353315
7.750000000000001 3.0310889132455348
9.5 0.8660254037844379
9.25 1.2990381056766571
10 1.7320508075688763
10 2.5980762113533147
9.5 2.598076211353315
9.25 3.0310889132455343
8.500000000000002 4.330127018922193
8.500000000000002 5.196152422706631
8.000000000000002 5.196152422706631
9 3.464101615137754
9.25 3.897114317029973
7.000000000000005 6.928203230275512
7.750000000000005 6.495190528383293
8.000000000000005 6.928203230275512
7.500000000000005 7.794228634059951
7.000000000000005 7.794228634059951
7.000000000000005 8.660254037844389
6.250000000000005 9.09326673973661
6.000000000000005 8.660254037844389
6.250000000000005 8.22724133595217
6.250000000000005 6.495190528383293
7.750000000000005 5.629165124598853
8.500000000000005 6.062177826491073
8.500000000000005 6.928203230275512
12.999999999999995 -1.7320508075688748
12.999999999999995 -2.5980762113533125
12.499999999999995 -2.598076211353313
11.999999999999995 -1.7320508075688754
12.249999999999995 -1.2990381056766562
11.499999999999995 -0.8660254037844377
11.499999999999995 0
11.999999999999993 4.440892098500626e-16
12.249999999999993 -0.43301270189221874
12.999999999999993 1.3322676295501878e-15
13.749999999999993 -0.4330127018922174
13.499999999999993 -0.8660254037844366
13.749999999999993 -1.2990381056766553
10.999999999999995 0
10.499999999999995 -0.8660254037844384
10.749999999999995 -1.2990381056766573
9.999999999999996 -1.7320508075688767
9.999999999999996 -2.5980762113533147
10.499999999999996 -2.5980762113533142
10.749999999999996 -2.165063509461095
11.499999999999996 -2.598076211353314
12.249999999999995 -2.165063509461094
14.499999999999993 -0.8660254037844359
14.499999999999991 2.220446049250313e-15
13.999999999999993 1.7763568394002505e-15
13.499999999999995 -2.5980762113533125
13.749999999999993 -2.1650635094610933
14.499999999999993 -2.5980762113533116
15.249999999999993 -2.1650635094610924
14.999999999999993 -1.7320508075688736
15.249999999999993 -1.2990381056766545
13.499999999999993 0.8660254037844393
12.999999999999993 0.8660254037844393
12.999999999999993 1.7320508075688767
12.249999999999993 2.1650635094610955
11.999999999999993 1.7320508075688759
12.249999999999993 1.2990381056766576
11.499999999999993 0.8660254037844384
17.49999999999999 -2.5980762113533107
17.499999999999993 -3.464101615137748
16.999999999999993 -3.4641016151377486
16.499999999999993 -2.5980762113533107
16.74999999999999 -2.165063509461092
15.999999999999991 -1.7320508075688732
15.999999999999991 -0.8660254037844353
16.49999999999999 -0.8660254037844348
16.74999999999999 -1.299038105676654
17.49999999999999 -0.8660254037844344
18.24999999999999 -1.2990381056766536
17.99999999999999 -1.7320508075688723
18.24999999999999 -2.165063509461091
15.499999999999991 -0.8660254037844353
14.499999999999993 -3.46410161513775
14.999999999999993 -3.4641016151377495
15.249999999999993 -3.0310889132455303
15.999999999999993 -3.464101615137749
16.749999999999993 -3.03108891324553
18.99999999999999 -1.7320508075688719
18.99999999999999 -0.8660254037844339
18.49999999999999 -0.8660254037844339
17.99999999999999 -3.464101615137748
18.24999999999999 -3.031088913245529
18.99999999999999 -3.4641016151377477
19.74999999999999 -3.0310889132455285
19.49999999999999 -2.5980762113533094
19.74999999999999 -2.16506350946109
17.99999999999999 3.552713678800501e-15
17.49999999999999 3.552713678800501e-15
17.49999999999999 0.8660254037844406
16.74999999999999 1.2990381056766602
16.49999999999999 0.8660254037844406
16.74999999999999 0.4330127018922223
15.999999999999991 3.1086244689504383e-15
14.499999999999995 2.5980762113533182
13.749999999999995 3.031088913245537
13.999999999999995 3.464101615137756
14.999999999999995 3.464101615137757
15.249999999999995 3.031088913245538
15.999999999999993 3.464101615137758
16.749999999999993 3.0310889132455388
16.499999999999993 2.5980762113533196
15.999999999999995 2.5980762113533196
15.999999999999995 1.7320508075688807
15.249999999999995 1.2990381056766616
14.999999999999995 1.7320508075688803
14.499999999999995 1.7320508075688799
16.999999999999993 3.464101615137758
16.499999999999993 4.330127018922196
15.999999999999993 4.330127018922196
15.999999999999993 5.196152422706635
15.249999999999993 5.629165124598853
14.999999999999993 5.196152422706634
15.249999999999993 4.763139720814415
14.499999999999993 4.330127018922195
14.499999999999995 3.4641016151377566
14.499999999999996 0.8660254037844419
15.249999999999996 0.4330127018922223
15.499999999999995 0.8660254037844419
13.499999999999995 2.598076211353318
13.749999999999995 2.1650635094610986
13.749999999999996 0.4330127018922214
18.249999999999993 1.2990381056766633
17.999999999999993 1.7320508075688825
17.499999999999993 1.732050807568882
17.499999999999993 2.59807621135332
12.999999999999995 3.464101615137756
12.999999999999993 4.3301270189221945
12.499999999999993 4.3301270189221945
11.999999999999995 3.4641016151377553
12.249999999999995 3.0310889132455365
11.499999999999995 2.598076211353317
11.499999999999996 1.7320508075688785
13.999999999999993 5.196152422706634
13.749999999999993 4.763139720814414
12.999999999999993 5.196152422706633
12.249999999999993 4.763139720814413
9.999999999999996 -8.881784197001252e-16
9.999999999999995 0.866025403784437
9.249999999999996 -1.299038105676658
10.749999999999995 -0.4330127018922192
10.999999999999993 1.7320508075688754
10.749999999999995 1.2990381056766565
12.999999999999995 -3.4641016151377504
12.249999999999996 -3.8971143170299696
12.499999999999996 -4.330127018922188
13.499999999999995 -4.330127018922188
13.749999999999995 -3.8971143170299687
14.499999999999995 -4.330127018922187
15.249999999999993 -3.897114317029968
10.999999999999996 -3.4641016151377517
11.499999999999996 -3.4641016151377513
11.499999999999996 -4.330127018922189
12.249999999999996 -4.763139720814408
17.499999999999993 -4.3301270189221865
16.749999999999993 -4.763139720814405
16.999999999999993 -5.196152422706624
17.999999999999993 -5.196152422706624
18.249999999999993 -4.763139720814405
18.99999999999999 -5.196152422706623
19.74999999999999 -4.763139720814404
19.49999999999999 -4.330127018922186
18.99999999999999 -4.330127018922186
15.499999999999993 -4.330127018922187
15.999999999999993 -4.330127018922187
15.999999999999993 -5.196152422706625
16.749999999999993 -5.629165124598844
18.99999999999999 4.440892098500626e-15
18.24999999999999 0.4330127018922232
19.99999999999999 -1.7320508075688714
19.74999999999999 -1.2990381056766522
20.499999999999986 -0.866025403784433
20.499999999999986 4.884981308350689e-15
19.999999999999986 4.773959005888173e-15
19.749999999999986 0.43301270189222374
18.99999999999999 1.7320508075688803
18.999999999999986 2.5980762113533182
18.49999999999999 2.5980762113533182
19.499999999999986 0.8660254037844427
19.749999999999986 1.2990381056766616
17.499999999999993 4.330127018922197
18.249999999999993 3.8971143170299785
18.499999999999993 4.330127018922197
17.999999999999993 5.196152422706636
17.499999999999993 5.196152422706635
17.499999999999993 6.062177826491073
16.749999999999993 6.495190528383292
16.499999999999993 6.062177826491073
16.749999999999993 5.629165124598853
16.749999999999993 3.8971143170299776
18.249999999999993 3.03108891324554
18.999999999999993 3.4641016151377597
18.999999999999993 4.330127018922198
11.500000000000009 12.990381056766571
10.750000000000009 13.423393758658788
11.000000000000009 13.856406460551007
12.000000000000007 13.856406460551009
12.250000000000007 13.42339375865879
13.000000000000005 13.85640646055101
13.750000000000005 13.423393758658792
13.500000000000007 12.990381056766573
13.000000000000007 12.990381056766573
13.000000000000007 12.124355652982135
12.250000000000009 11.691342951089915
12.000000000000009 12.124355652982134
11.500000000000009 12.124355652982132
14.000000000000005 13.85640646055101
13.500000000000004 14.722431864335448
13.000000000000005 14.722431864335448
13.000000000000004 15.588457268119885
12.250000000000005 16.021469970012102
12.000000000000005 15.588457268119884
12.250000000000005 15.155444566227665
11.500000000000007 14.722431864335446
11.500000000000007 13.856406460551009
11.50000000000001 11.258330249197694
12.25000000000001 10.825317547305477
12.500000000000009 11.258330249197696
10.50000000000001 12.99038105676657
10.750000000000009 12.55736835487435
10.00000000000001 12.124355652982132
10.00000000000001 11.258330249197694
10.50000000000001 11.258330249197694
10.75000000000001 10.825317547305476
13.500000000000007 11.258330249197698
13.750000000000007 11.691342951089917
14.500000000000005 11.258330249197698
15.250000000000005 11.691342951089919
15.000000000000004 12.124355652982135
14.500000000000005 12.124355652982135
14.500000000000005 12.990381056766573
8.500000000000014 9.526279441628818
7.750000000000016 9.959292143521036
8.000000000000014 10.392304845413253
9.000000000000014 10.392304845413255
9.250000000000014 9.959292143521036
10.000000000000012 10.392304845413255
10.750000000000012 9.959292143521036
10.500000000000012 9.52627944162882
10.000000000000012 9.526279441628818
10.000000000000014 8.660254037844382
9.250000000000014 8.227241335952161
9.000000000000014 8.66025403784438
8.500000000000016 8.66025403784438
11.00000000000001 10.392304845413257
9.250000000000012 12.557368354874349
9.000000000000012 12.12435565298213
9.250000000000012 11.691342951089911
8.500000000000014 11.258330249197693
8.500000000000014 10.392304845413255
8.500000000000016 7.794228634059942
9.250000000000016 7.361215932167724
9.500000000000014 7.794228634059943
7.500000000000016 9.526279441628816
7.750000000000016 9.093266739736599
7.750000000000018 7.361215932167723
10.500000000000014 7.794228634059944
10.750000000000012 8.227241335952163
11.500000000000012 7.7942286340599445
12.25000000000001 8.227241335952163
12.00000000000001 8.660254037844382
11.500000000000012 8.660254037844382
11.50000000000001 9.52627944162882
14.500000000000007 9.52627944162882
15.250000000000005 9.959292143521038
15.500000000000007 9.52627944162882
15.000000000000007 8.660254037844382
14.500000000000007 8.66025403784438
14.500000000000009 7.794228634059943
13.75000000000001 7.361215932167723
13.50000000000001 7.794228634059942
13.750000000000009 8.227241335952161
13.000000000000009 8.660254037844378
13.000000000000009 9.526279441628818
13.500000000000007 9.526279441628818
13.750000000000007 9.959292143521036
14.00000000000001 6.928203230275504
15.000000000000009 6.928203230275505
15.250000000000009 7.361215932167724
16.000000000000007 6.928203230275506
16.750000000000007 7.361215932167726
16.500000000000007 7.7942286340599445
16.000000000000007 7.7942286340599445
16.000000000000007 8.660254037844382
15.250000000000007 9.0932667397366
13.000000000000007 10.392304845413255
12.250000000000009 9.959292143521036
12.500000000000009 9.526279441628816
15.000000000000005 10.392304845413257
14.500000000000007 10.392304845413257
13.000000000000007 11.258330249197693
11.50000000000001 6.928203230275502
12.00000000000001 6.9282032302755026
12.25000000000001 7.361215932167721
13.00000000000001 6.928203230275503
16.000000000000007 10.392304845413257
16.750000000000007 9.95929214352104
17.000000000000007 10.392304845413259
16.500000000000007 11.258330249197696
16.000000000000007 11.258330249197696
16.000000000000007 12.124355652982134
15.250000000000005 12.557368354874352
17.000000000000007 8.660254037844382
16.750000000000007 9.093266739736602
17.500000000000007 9.526279441628821
17.500000000000007 10.392304845413259
14.500000000000002 14.722431864335448
15.25 14.289419162443231
15.5 14.72243186433545
15 15.588457268119885
14.5 15.588457268119885
14.5 16.454482671904323
13.75 16.88749537379654
13.5 16.454482671904323
13.75 16.021469970012102
13.750000000000004 14.28941916244323
15.500000000000002 12.990381056766575
15.250000000000002 13.423393758658793
16 13.856406460551012
15.999999999999998 14.72243186433545
10.000000000000009 13.856406460551007
10.000000000000007 14.722431864335444
9.500000000000009 14.722431864335444
9.00000000000001 13.856406460551005
9.25000000000001 13.423393758658786
8.50000000000001 12.990381056766568
8.500000000000012 12.12435565298213
11.000000000000005 15.588457268119882
10.750000000000007 15.155444566227663
10.000000000000007 15.588457268119882
9.250000000000009 15.155444566227661
7.000000000000016 10.392304845413253
7.000000000000015 11.25833024919769
6.500000000000016 11.25833024919769
6.000000000000017 10.392304845413253
6.250000000000017 9.959292143521035
5.500000000000018 9.526279441628814
5.500000000000019 8.660254037844377
8.000000000000012 12.124355652982128
7.750000000000013 11.69134295108991
7.000000000000014 12.124355652982128
6.250000000000016 11.69134295108991
10.000000000000014 6.928203230275506
10.750000000000014 7.361215932167725
9.250000000000018 5.629165124598849
9.500000000000016 6.062177826491068
10.000000000000016 6.062177826491068
11.500000000000014 6.0621778264910695
12.250000000000012 5.629165124598851
12.500000000000012 6.0621778264910695
10.500000000000014 6.062177826491069
10.750000000000014 5.62916512459885
14.500000000000012 6.062177826491066
13.750000000000012 5.629165124598846
16.00000000000001 6.062177826491068
14.50000000000001 6.928203230275503
13.000000000000014 6.062177826491064
9.999999999999996 3.4641016151377504
9.499999999999998 4.330127018922187
9.999999999999996 4.330127018922188
9.999999999999996 5.196152422706626
10.999999999999996 5.196152422706626
10.749999999999996 4.763139720814407
11.499999999999996 4.330127018922188
11.499999999999996 3.464101615137751
10.999999999999996 3.464101615137751
10.749999999999996 3.0310889132455316
7.00000000000001 17.320508075688753
7.750000000000009 17.75352077758097
7.500000000000009 18.18653347947319
6.50000000000001 18.18653347947319
6.250000000000011 17.75352077758097
5.5000000000000115 18.186533479473187
4.750000000000012 17.75352077758097
5.000000000000012 17.32050807568875
5.500000000000012 17.32050807568875
5.500000000000012 16.454482671904312
6.250000000000012 16.021469970012095
6.5000000000000115 16.454482671904316
7.000000000000011 16.454482671904316
8.500000000000009 16.454482671904316
9.250000000000007 16.0214699700121
9.500000000000007 16.454482671904316
9.000000000000007 17.320508075688753
8.500000000000007 17.320508075688753
8.500000000000007 18.18653347947319
7.750000000000008 18.619546181365408
7.50000000000001 16.454482671904316
7.75000000000001 16.0214699700121
7.000000000000013 13.856406460551002
6.250000000000014 13.423393758658783
6.000000000000014 13.856406460551
6.500000000000013 14.722431864335439
7.000000000000012 14.722431864335439
7.0000000000000115 15.588457268119877
8.00000000000001 15.588457268119878
7.750000000000011 15.155444566227658
8.50000000000001 14.72243186433544
8.50000000000001 13.856406460551003
8.000000000000012 13.856406460551003
7.750000000000012 13.423393758658783
4.750000000000014 16.02146997001209
5.000000000000014 15.588457268119875
5.500000000000013 15.588457268119875
5.500000000000014 14.722431864335437
6.250000000000014 14.28941916244322
6.500000000000015 12.990381056766564
7.000000000000014 12.990381056766564
10.000000000000007 16.454482671904316
5.500000000000016 12.990381056766564
4.750000000000016 13.423393758658781
4.500000000000017 12.990381056766562
5.000000000000018 12.124355652982125
5.500000000000017 12.124355652982127
5.500000000000018 11.258330249197689
6.250000000000017 10.82531754730547
4.500000000000015 14.722431864335437
4.750000000000015 14.289419162443219
4.000000000000017 13.856406460551
4.000000000000018 12.990381056766562
4.0000000000000195 10.39230484541325
4.00000000000002 9.52627944162881
3.500000000000021 9.52627944162881
3.0000000000000204 10.392304845413248
3.2500000000000195 10.825317547305467
2.5000000000000204 11.258330249197686
2.5000000000000195 12.124355652982123
3.0000000000000187 12.124355652982123
3.2500000000000187 11.691342951089904
4.000000000000018 12.124355652982125
4.750000000000018 11.691342951089906
4.500000000000018 11.258330249197687
4.750000000000018 10.825317547305469
2.00000000000002 12.124355652982123
1.5000000000000215 11.258330249197684
1.7500000000000215 10.825317547305465
1.0000000000000226 10.392304845413246
1.0000000000000235 9.526279441628809
1.500000000000023 9.526279441628809
1.7500000000000224 9.959292143521028
2.5000000000000218 9.52627944162881
3.2500000000000204 9.95929214352103
4.5000000000000195 9.526279441628812
4.7500000000000195 9.959292143521031
3.2500000000000164 14.289419162443217
3.000000000000017 13.856406460551
3.250000000000017 13.42339375865878
2.5000000000000187 12.99038105676656
4.000000000000022 8.660254037844375
3.2500000000000235 8.227241335952156
2.0000000000000244 8.660254037844373
2.500000000000024 8.660254037844373
-0.4999999999999989 9.526279441628821
0.25000000000000144 9.959292143521042
1.5543122344752192e-15 10.39230484541326
-0.9999999999999987 10.39230484541326
-1.2499999999999987 9.959292143521042
-1.9999999999999991 10.39230484541326
-2.749999999999999 9.959292143521042
-2.499999999999999 9.526279441628823
-1.9999999999999991 9.526279441628823
-1.9999999999999996 8.660254037844384
-1.2499999999999991 8.227241335952165
-0.9999999999999991 8.660254037844384
-0.4999999999999989 8.660254037844384
1.0000000000000016 8.660254037844382
1.7500000000000018 8.227241335952163
0.25000000000000167 10.82531754730548
1.5543122344752192e-15 8.660254037844384
0.25000000000000144 8.227241335952163
-0.49999999999999867 6.062177826491068
-1.2499999999999991 5.629165124598849
-1.4999999999999993 6.062177826491068
-0.9999999999999991 6.928203230275507
-0.4999999999999991 6.928203230275507
-0.4999999999999991 7.794228634059946
0.5000000000000013 7.794228634059946
0.25000000000000133 7.361215932167727
1.0000000000000018 6.928203230275507
1.0000000000000018 6.062177826491069
0.5000000000000018 6.062177826491069
0.2500000000000018 5.629165124598849
-2.75 8.227241335952165
-2.5 7.794228634059946
-2 7.794228634059946
-1.9999999999999998 6.928203230275507
-1.2499999999999993 6.495190528383288
-0.9999999999999991 5.196152422706629
-0.49999999999999867 5.196152422706629
-1.9999999999999993 5.1961524227066285
-2.7499999999999996 5.629165124598848
-3 5.1961524227066285
-2.4999999999999996 4.330127018922189
-1.9999999999999993 4.330127018922189
-1.9999999999999993 3.464101615137751
-1.2499999999999991 3.031088913245531
-3 6.928203230275507
-2.7499999999999996 6.495190528383287
-3.5 6.062177826491068
-3.5 5.1961524227066285
-3.5000000000000018 2.598076211353314
-3.5000000000000018 1.7320508075688745
-4.000000000000002 1.7320508075688745
-4.500000000000003 2.598076211353314
-4.250000000000002 3.031088913245534
-5.000000000000003 3.464101615137753
-5.000000000000003 4.330127018922193
-4.500000000000002 4.330127018922193
-4.250000000000002 3.8971143170299722
-3.5000000000000013 4.330127018922193
-2.750000000000001 3.8971143170299722
-3.0000000000000013 3.4641016151377526
-2.7500000000000013 3.0310889132455334
-5.500000000000003 4.330127018922193
-6.0000000000000036 3.4641016151377535
-5.7500000000000036 3.031088913245534
-6.5000000000000036 2.5980762113533142
-6.5000000000000036 1.732050807568875
-6.0000000000000036 1.732050807568875
-5.7500000000000036 2.1650635094610946
-5.0000000000000036 1.7320508075688748
-4.250000000000003 2.165063509461094
-3.0000000000000018 1.7320508075688745
-2.7500000000000013 2.1650635094610937
-4.250000000000002 6.495190528383291
-4.500000000000002 6.06217782649107
-4.250000000000002 5.629165124598851
-5.000000000000002 5.196152422706632
-6.5 4.330127018922192
-6.5 5.19615242270663
-7 5.19615242270663
-7.500000000000001 4.330127018922192
-7.250000000000001 3.8971143170299722
-8 3.464101615137753
-8.000000000000002 2.5980762113533142
-7.500000000000001 2.5980762113533142
-7.250000000000001 3.0310889132455334
-5.75 3.8971143170299722
-5.5 6.0621778264910695
-5.75 5.62916512459885
-6.5 6.0621778264910695
-7.25 5.62916512459885
-3.5000000000000027 0.8660254037844349
-4.2500000000000036 0.4330127018922157
-4.0000000000000036 -3.83026943495679e-15
-3.0000000000000027 -4.107825191113079e-15
-2.7500000000000027 0.4330127018922153
-2.000000000000002 -4.385380947269368e-15
-1.2500000000000018 0.43301270189221486
-5.5000000000000036 0.8660254037844355
-5.0000000000000036 0.8660254037844354
-5.0000000000000036 -3.552713678800501e-15
-4.2500000000000036 -0.43301270189222313
1.0000000000000007 -5.196152422706632
0.2500000000000009 -4.763139720814412
8.881784197001252e-16 -5.196152422706631
0.5000000000000007 -6.0621778264910695
1.0000000000000007 -6.0621778264910695
1.0000000000000004 -6.928203230275509
1.7500000000000002 -7.3612159321677275
2 -6.928203230275509
1.7500000000000002 -6.49519052838329
2.5 -6.06217782649107
2.5 -5.196152422706632
2 -5.196152422706632
1.7500000000000007 -4.763139720814412
1.0000000000000009 -3.4641016151377544
1.000000000000001 -2.598076211353316
0.5000000000000011 -2.598076211353316
1.1102230246251565e-15 -3.4641016151377544
0.250000000000001 -3.8971143170299736
-0.49999999999999883 -4.330127018922193
-0.4999999999999989 -5.196152422706631
1.5000000000000007 -4.330127018922193
1.7500000000000007 -3.897114317029974
4.000000000000001 -3.464101615137754
4.75 -3.897114317029973
4.5 -4.330127018922193
3.5000000000000004 -4.330127018922193
3.2500000000000004 -3.897114317029973
2.500000000000001 -4.330127018922193
2.0000000000000004 -3.4641016151377535
2.500000000000001 -3.4641016151377535
2.5000000000000004 -2.598076211353315
3.250000000000001 -2.165063509461096
3.500000000000001 -2.598076211353315
4 -2.598076211353315
3.2500000000000004 -6.495190528383289
3.5000000000000004 -6.0621778264910695
3.2500000000000004 -5.62916512459885
4 -5.196152422706631
4.000000000000001 -4.330127018922193
5 -3.4641016151377535
4.750000000000001 -3.0310889132455348
0.25000000000000044 -2.1650635094610955
5.500000000000001 -4.330127018922193
5.500000000000001 -5.196152422706631
6.000000000000001 -5.196152422706631
6.500000000000001 -4.330127018922193
6.250000000000001 -3.897114317029973
7.000000000000001 -3.4641016151377535
7.000000000000001 -2.598076211353315
4.500000000000001 -6.0621778264910695
4.750000000000001 -5.62916512459885
5.500000000000001 -6.0621778264910695
6.250000000000001 -5.62916512459885
8.500000000000002 -4.330127018922194
9.250000000000002 -3.8971143170299745
9.500000000000002 -4.330127018922194
9.000000000000002 -5.196152422706633
8.500000000000002 -5.196152422706633
8.500000000000002 -6.062177826491071
7.750000000000002 -6.495190528383291
7.500000000000002 -6.062177826491071
7.750000000000002 -5.629165124598852
7.000000000000002 -5.196152422706633
7.000000000000002 -4.330127018922194
7.500000000000002 -4.3301270189221945
7.750000000000002 -3.8971143170299745
8.000000000000002 -6.9282032302755105
9.000000000000002 -6.92820323027551
9.250000000000002 -6.495190528383291
10.000000000000002 -6.92820323027551
10.750000000000002 -6.495190528383291
10.500000000000002 -6.062177826491071
10.000000000000002 -6.062177826491071
10.000000000000002 -5.196152422706633
9.250000000000002 -4.763139720814413
9.000000000000002 -3.4641016151377553
8.500000000000002 -3.4641016151377553
5.500000000000002 -6.9282032302755105
6.000000000000002 -6.9282032302755105
6.250000000000001 -6.495190528383291
7.000000000000002 -6.9282032302755105
10.000000000000002 -3.464101615137756
10.750000000000002 -3.8971143170299753
11.000000000000002 -5.196152422706634
10.750000000000002 -4.763139720814414
11.5 -7.794228634059943
10.75 -7.361215932167724
10.5 -7.794228634059943
11 -8.66025403784438
11.5 -8.66025403784438
11.5 -9.52627944162882
12.25 -9.959292143521036
12.5 -9.526279441628818
12.25 -9.093266739736599
13 -8.66025403784438
12.999999999999998 -7.794228634059942
12.5 -7.794228634059942
12.249999999999998 -7.361215932167723
11.499999999999998 -6.062177826491066
11.499999999999998 -5.1961524227066285
10 -7.794228634059944
11.999999999999998 -6.928203230275504
12.249999999999998 -6.495190528383285
14.499999999999998 -6.062177826491062
15.249999999999998 -6.495190528383281
14.999999999999998 -6.928203230275501
13.999999999999998 -6.928203230275502
13.749999999999998 -6.495190528383283
12.999999999999998 -6.9282032302755026
12.499999999999998 -6.062177826491064
12.999999999999998 -6.062177826491064
12.999999999999998 -5.196152422706625
13.749999999999996 -4.763139720814406
13.999999999999996 -5.196152422706625
14.499999999999996 -5.196152422706624
13.75 -9.093266739736597
14 -8.660254037844378
13.75 -8.22724133595216
14.5 -7.79422863405994
14.499999999999998 -6.928203230275502
15.499999999999998 -6.062177826491062
15.249999999999996 -5.629165124598843
15.999999999999996 -6.928203230275502
15.999999999999998 -7.79422863405994
16.499999999999996 -7.79422863405994
16.999999999999996 -6.928203230275501
16.749999999999996 -6.495190528383282
17.499999999999996 -6.062177826491062
17.499999999999996 -5.196152422706624
14.999999999999998 -8.660254037844378
15.249999999999998 -8.22724133595216
15.999999999999998 -8.660254037844378
16.749999999999996 -8.227241335952158
18.999999999999993 -6.928203230275501
19.749999999999993 -6.495190528383281
19.999999999999993 -6.9282032302755
19.499999999999993 -7.794228634059939
18.999999999999993 -7.794228634059939
18.999999999999993 -8.660254037844378
18.249999999999993 -9.093266739736597
17.999999999999993 -8.660254037844378
18.249999999999993 -8.22724133595216
17.499999999999993 -7.79422863405994
17.499999999999993 -6.928203230275502
17.999999999999993 -6.928203230275502
18.249999999999993 -6.495190528383282
18.499999999999993 -9.526279441628816
19.499999999999993 -9.526279441628816
19.749999999999993 -9.093266739736597
20.499999999999993 -9.526279441628816
21.249999999999993 -9.093266739736595
20.999999999999993 -8.660254037844377
20.499999999999993 -8.660254037844377
20.499999999999993 -7.794228634059938
19.749999999999993 -7.3612159321677195
19.499999999999993 -6.062177826491062
18.999999999999993 -6.062177826491062
15.999999999999995 -9.526279441628818
16.499999999999993 -9.526279441628818
16.749999999999993 -9.093266739736599
17.499999999999993 -9.526279441628818
19 -10.392304845413253
18.25 -10.825317547305474
18.5 -11.258330249197693
19.5 -11.25833024919769
19.75 -10.825317547305472
20.5 -11.25833024919769
21.249999999999996 -10.825317547305472
20.999999999999996 -10.392304845413253
20.499999999999996 -10.392304845413253
18.999999999999996 -9.526279441628816
17 -10.392304845413255
17.5 -10.392304845413255
17.5 -11.258330249197693
18.25 -11.691342951089911
20.499999999999993 -6.062177826491063
21.249999999999993 -6.495190528383282
21.499999999999993 -6.062177826491062
20.999999999999993 -5.196152422706625
20.499999999999993 -5.196152422706625
20.499999999999993 -4.3301270189221865
19.749999999999993 -3.897114317029968
21.499999999999993 -7.794228634059939
21.249999999999993 -7.36121593216772
21.999999999999993 -6.928203230275501
21.999999999999993 -6.062177826491062
17.499999999999993 7.794228634059947
17.499999999999993 8.660254037844386
18.249999999999993 6.49519052838329
17.999999999999993 6.928203230275509
18.249999999999993 7.3612159321677275
18.999999999999993 8.660254037844386
19.74999999999999 9.093266739736602
19.499999999999993 9.526279441628823
18.499999999999993 9.526279441628823
18.249999999999993 9.093266739736604
18.499999999999993 7.794228634059947
18.999999999999993 7.794228634059946
20.499999999999993 6.06217782649107
20.499999999999993 5.196152422706633
19.999999999999993 5.196152422706633
19.499999999999993 6.062177826491071
19.749999999999993 6.49519052838329
18.999999999999993 6.928203230275509
19.499999999999993 7.794228634059947
19.749999999999993 7.3612159321677275
20.499999999999993 7.794228634059946
21.249999999999993 7.3612159321677275
20.999999999999993 6.928203230275509
21.24999999999999 6.49519052838329
18.249999999999993 5.629165124598852
18.999999999999993 5.196152422706633
19.749999999999993 5.629165124598852
21.99999999999999 6.928203230275509
21.99999999999999 7.794228634059946
21.499999999999993 7.794228634059946
20.999999999999993 5.196152422706633
21.24999999999999 5.629165124598852
21.99999999999999 5.196152422706632
22.74999999999999 5.629165124598852
22.49999999999999 6.06217782649107
22.74999999999999 6.49519052838329
20.999999999999993 8.660254037844386
20.499999999999993 8.660254037844386
20.499999999999993 9.526279441628823
19.749999999999993 9.959292143521042
20.49999999999999 4.3301270189221945
19.74999999999999 3.897114317029976
19.99999999999999 3.464101615137757
20.99999999999999 3.464101615137757
21.24999999999999 3.897114317029976
21.999999999999986 3.4641016151377566
22.749999999999986 3.897114317029976
22.499999999999986 4.3301270189221945
21.999999999999986 4.3301270189221945
19.74999999999999 3.0310889132455383
21.999999999999986 1.7320508075688807
22.749999999999986 1.2990381056766616
22.499999999999986 0.8660254037844424
21.499999999999986 0.8660254037844424
21.249999999999986 1.2990381056766616
20.499999999999986 0.8660254037844424
19.999999999999986 1.7320508075688803
20.499999999999986 1.7320508075688803
20.499999999999986 2.5980762113533187
21.249999999999986 3.031088913245538
21.499999999999986 2.5980762113533187
21.999999999999986 2.5980762113533187
21.249999999999986 -1.2990381056766531
21.499999999999986 -0.8660254037844339
21.249999999999986 -0.43301270189221486
21.999999999999986 4.107825191113079e-15
21.999999999999986 0.8660254037844424
22.999999999999986 1.7320508075688803
22.749999999999986 2.1650635094610995
23.499999999999986 2.5980762113533187
23.499999999999986 3.464101615137757
22.999999999999986 3.464101615137757
23.499999999999986 0.8660254037844408
23.499999999999986 2.55351295663786e-15
23.999999999999986 2.6645352591003757e-15
24.499999999999986 0.866025403784441
24.249999999999986 1.2990381056766602
24.999999999999986 1.7320508075688794
24.999999999999986 2.598076211353318
24.499999999999986 2.598076211353318
24.249999999999986 2.1650635094610986
22.499999999999986 -0.8660254037844357
22.749999999999986 -0.43301270189221663
23.499999999999986 -0.8660254037844356
24.249999999999986 -0.4330127018922164
20.5 11.258330249197698
20.5 10.39230484541326
21 10.39230484541326
21.499999999999996 11.2583302491977
21.249999999999996 11.691342951089919
21.999999999999996 12.124355652982139
21.999999999999996 12.990381056766577
21.499999999999996 12.990381056766577
21.249999999999996 12.557368354874356
20.499999999999996 12.990381056766575
19.75 12.557368354874356
20 12.124355652982135
19.75 11.691342951089917
19 10.392304845413259
18.25 9.95929214352104
21.25 9.959292143521044
19.5 11.258330249197698
19 11.258330249197698
17.500000000000004 12.990381056766573
17.5 13.85640646055101
18 13.856406460551012
18.500000000000004 12.990381056766575
18.250000000000004 12.557368354874354
19.000000000000004 12.124355652982137
18.500000000000004 11.258330249197698
18.250000000000004 11.691342951089917
17.500000000000004 11.258330249197696
16.750000000000004 11.691342951089915
17.000000000000004 12.124355652982134
16.750000000000004 12.557368354874352
20.5 13.856406460551014
20 13.856406460551014
19.75 13.423393758658795
19 13.856406460551012
18.25 13.423393758658793
17 13.85640646055101
16.750000000000004 13.423393758658792
17.5 14.72243186433545
18.249999999999996 15.155444566227668
17.999999999999996 15.588457268119887
16.999999999999996 15.588457268119887
16.75 15.155444566227668
15.999999999999998 15.588457268119885
15.25 15.155444566227667
19.499999999999996 14.722431864335451
18.999999999999996 14.722431864335451
18.999999999999996 15.588457268119889
18.249999999999996 16.021469970012106
16 17.32050807568876
15.25 17.75352077758098
15.499999999999998 18.186533479473198
16.5 18.1865334794732
16.75 17.75352077758098
17.499999999999996 18.1865334794732
18.249999999999996 17.75352077758098
18 17.320508075688764
17.5 17.320508075688764
17.5 16.454482671904323
16.75 16.021469970012106
16.5 16.454482671904323
16 16.454482671904323
18.499999999999996 18.1865334794732
17.999999999999996 19.05255888325764
17.499999999999996 19.05255888325764
17.499999999999996 19.918584287042076
16.749999999999996 20.351596988934297
16.499999999999996 19.918584287042076
16.749999999999996 19.485571585149856
15.999999999999998 19.05255888325764
15.999999999999998 18.186533479473198
15 17.32050807568876
15.25 16.88749537379654
19.75 16.021469970012106
19.5 16.454482671904326
19 16.454482671904326
19 17.320508075688764
18.999999999999996 19.052558883257642
19.749999999999996 18.619546181365422
19.999999999999996 19.052558883257642
19.499999999999996 19.91858428704208
18.999999999999996 19.91858428704208
18.999999999999996 20.784609690826517
18.249999999999996 21.217622392718734
17.999999999999996 20.784609690826517
18.249999999999996 20.351596988934297
18.249999999999996 18.619546181365422
19.999999999999996 17.320508075688767
19.749999999999996 17.753520777580984
20.499999999999996 18.186533479473205
20.499999999999996 19.052558883257642
14.499999999999998 18.186533479473198
14.499999999999996 19.052558883257635
13.999999999999998 19.052558883257635
13.499999999999998 18.186533479473194
13.749999999999998 17.753520777580977
13 17.320508075688757
13 16.45448267190432
15.499999999999996 19.918584287042073
15.249999999999996 19.485571585149856
14.499999999999996 19.918584287042073
13.749999999999998 19.485571585149852
