1.125344210129246214e+01 9.091279441628824287e+00
1.100229473419497417e+01 8.084228634059947183e+00
1.125000000000000000e+01 8.227241335952166779e+00
1.150229473419497417e+01 8.950254037844384669e+00
1.175344210129246214e+01 9.095254037844386019e+00
1.200344210129246214e+01 8.662241335952165500e+00
1.174739092362730908e+01 8.225734985006056377e+00
1.150000000000000000e+01 7.794228634059947147e+00
1.199739092362730908e+01 7.792722283113836745e+00
1.200229473419497417e+01 8.084228634059947183e+00
1.150000000000000000e+01 9.526279441628824785e+00
1.199739092362730908e+01 9.524773090682714383e+00
1.200229473419497417e+01 9.816279441628825708e+00
1.225344210129246214e+01 9.961279441628825282e+00
1.200344210129246214e+01 1.039429214352104403e+01
1.250229473419497417e+01 1.010230484541326312e+01
1.249739092362730908e+01 1.039381119635937267e+01
1.250114736709748797e+01 1.068031754730548322e+01
1.225000000000000000e+01 1.082531754730548279e+01
1.300000000000000000e+01 1.125435565298214158e+01
1.150344210129246214e+01 6.064165124598851264e+00
1.125000000000000000e+01 7.358203230275508488e+00
1.200229473419497417e+01 7.504228634059947112e+00
1.225344210129246214e+01 7.359228634059946650e+00
1.200344210129246214e+01 6.926215932167727907e+00
1.149739092362730908e+01 6.929709581221618286e+00
1.150229473419497417e+01 6.638203230275508737e+00
1.275000000000000000e+01 9.956279441628824500e+00
1.250000000000000000e+01 9.526279441628824785e+00
1.275000000000000000e+01 9.096279441628825069e+00
1.250000000000000000e+01 8.946279441628824713e+00
1.250000000000000000e+01 8.656279441628825566e+00
1.324739092362730908e+01 9.960798494467153930e+00
1.300000000000000000e+01 1.039230484541326405e+01
1.350229473419497417e+01 1.010230484541326312e+01
1.349739092362730908e+01 1.039381119635937267e+01
1.350114736709748797e+01 1.068031754730548322e+01
1.325000000000000000e+01 1.082531754730548279e+01
1.350000000000000000e+01 1.125833024919770153e+01
1.375000000000000000e+01 1.168833024919770125e+01
1.400000000000000000e+01 1.154833024919770068e+01
1.400000000000000000e+01 1.125833024919770153e+01
1.400000000000000000e+01 1.038833024919770232e+01
1.425000000000000000e+01 1.082833024919770182e+01
1.450000000000000000e+01 1.125833024919770153e+01
1.475000000000000000e+01 1.082833024919770182e+01
1.450000000000000000e+01 1.067833024919770146e+01
1.200000000000000000e+01 5.772177826491070363e+00
1.200000000000000000e+01 6.062177826491070398e+00
1.225000000000000000e+01 6.492177826491070114e+00
1.250000000000000000e+01 6.062177826491070398e+00
1.275000000000000000e+01 6.492177826491070114e+00
1.250000000000000000e+01 6.642177826491070469e+00
1.225260907637269092e+01 8.225734985006056377e+00
1.250000000000000000e+01 7.794228634059947147e+00
1.299739092362730908e+01 7.795734985006056661e+00
1.300229473419497417e+01 7.504228634059947112e+00
1.325344210129246214e+01 7.359228634059946650e+00
1.300344210129246214e+01 6.926215932167727907e+00
1.249739092362730908e+01 6.929709581221618286e+00
1.325000000000000000e+01 9.090254037844385238e+00
1.300000000000000000e+01 8.660254037844385522e+00
1.300000000000000000e+01 9.240254037844385593e+00
1.325000000000000000e+01 8.230254037844385806e+00
1.300000000000000000e+01 8.080254037844385451e+00
1.399739092362730908e+01 9.524773090682714383e+00
1.350000000000000000e+01 9.526279441628824785e+00
1.400229473419497417e+01 9.816279441628823932e+00
1.374739092362730908e+01 9.957785792574934902e+00
1.425000000000000000e+01 9.959292143521045304e+00
1.500344210129246214e+01 1.039429214352104403e+01
1.474739092362730908e+01 9.957785792574934902e+00
1.450000000000000000e+01 9.526279441628824785e+00
1.499739092362730908e+01 9.524773090682716159e+00
1.500229473419497417e+01 9.816279441628825708e+00
1.500229473419497417e+01 1.096833024919770061e+01
1.499739092362730908e+01 1.125983660014381016e+01
1.500114736709748797e+01 1.154634295108992070e+01
1.475000000000000000e+01 1.169134295108992028e+01
1.225000000000000000e+01 5.626152422706631739e+00
1.249885263290251203e+01 5.484165124598851193e+00
1.275000000000000000e+01 5.629165124598850767e+00
1.300229473419497417e+01 6.352177826491070434e+00
1.325344210129246214e+01 6.497177826491070007e+00
1.350344210129246214e+01 6.064165124598851264e+00
1.324739092362730908e+01 5.627658773652741253e+00
1.300000000000000000e+01 5.196152422706632024e+00
1.349739092362730908e+01 5.194646071760521622e+00
1.350229473419497417e+01 5.486152422706631171e+00
1.350229473419497417e+01 7.218203230275508808e+00
1.375344210129246214e+01 7.363203230275508382e+00
1.400344210129246214e+01 6.930190528383289639e+00
1.374739092362730908e+01 6.493684177437179628e+00
1.399739092362730908e+01 6.060671475544959996e+00
1.400229473419497417e+01 6.352177826491070434e+00
1.350000000000000000e+01 7.794228634059947147e+00
1.399739092362730908e+01 7.792722283113837634e+00
1.400229473419497417e+01 8.084228634059947183e+00
1.425344210129246214e+01 8.229228634059946756e+00
1.400344210129246214e+01 8.662241335952167276e+00
1.349739092362730908e+01 8.658747686898276896e+00
1.350229473419497417e+01 8.950254037844386445e+00
1.450229473419497417e+01 8.370254037844384598e+00
1.449739092362730908e+01 8.661760388790494147e+00
1.450114736709748797e+01 8.948266739736604691e+00
1.425000000000000000e+01 9.093266739736604265e+00
1.525000000000000000e+01 9.962304845413264331e+00
1.550000000000000000e+01 1.010230484541326490e+01
1.550000000000000000e+01 1.039230484541326405e+01
1.550000000000000000e+01 1.126230484541326327e+01
1.575000000000000000e+01 1.082230484541326376e+01
1.600000000000000000e+01 1.039230484541326405e+01
1.625000000000000000e+01 1.082230484541326376e+01
1.600000000000000000e+01 1.097230484541326412e+01
1.599739092362730908e+01 1.125983660014381016e+01
1.600114736709748797e+01 1.154634295108992070e+01
1.575000000000000000e+01 1.169134295108992028e+01
1.274739092362730908e+01 4.761633369868301990e+00
1.300229473419497417e+01 4.620127018922192796e+00
1.325344210129246214e+01 4.765127018922192370e+00
1.350344210129246214e+01 4.332114317029973627e+00
1.350229473419497417e+01 4.906152422706632876e+00
1.475000000000000000e+01 8.224228634059947751e+00
1.450000000000000000e+01 7.794228634059947147e+00
1.475000000000000000e+01 7.364228634059947431e+00
1.450000000000000000e+01 7.214228634059947076e+00
1.450000000000000000e+01 6.924228634059947041e+00
1.475260907637269092e+01 9.091760388790495639e+00
1.500000000000000000e+01 8.660254037844385522e+00
1.549739092362730908e+01 8.661760388790495924e+00
1.550229473419497417e+01 8.370254037844386374e+00
1.575344210129246214e+01 8.225254037844385024e+00
1.550344210129246214e+01 7.792241335952166281e+00
1.499739092362730908e+01 7.795734985006056661e+00
1.500229473419497417e+01 7.504228634059947112e+00
1.575000000000000000e+01 9.956279441628824500e+00
1.550000000000000000e+01 9.526279441628824785e+00
1.575000000000000000e+01 9.096279441628825069e+00
1.550000000000000000e+01 8.946279441628824713e+00
1.625260907637269270e+01 1.168983660014381165e+01
1.650000000000000000e+01 1.125833024919770153e+01
1.699739092362730730e+01 1.125983660014381194e+01
1.700229473419497594e+01 1.096833024919770239e+01
1.725344210129246036e+01 1.082333024919770104e+01
1.700344210129246036e+01 1.039031754730548229e+01
1.649739092362730730e+01 1.039381119635937267e+01
1.624739092362730730e+01 9.960798494467153930e+00
1.650229473419497594e+01 1.010230484541326312e+01
1.400000000000000000e+01 4.330127018922192761e+00
1.400000000000000000e+01 5.200127018922192867e+00
1.425000000000000000e+01 4.760127018922192477e+00
1.450000000000000000e+01 4.330127018922192761e+00
1.475000000000000000e+01 4.760127018922192477e+00
1.450000000000000000e+01 4.910127018922192832e+00
1.449739092362730908e+01 5.197658773652741537e+00
1.450114736709748797e+01 5.484165124598851193e+00
1.425000000000000000e+01 5.629165124598850767e+00
1.450000000000000000e+01 6.062177826491070398e+00
1.425260907637269270e+01 6.493684177437179628e+00
1.525000000000000000e+01 7.358203230275508488e+00
1.500000000000000000e+01 6.928203230275508773e+00
1.525000000000000000e+01 6.498203230275509057e+00
1.500000000000000000e+01 6.348203230275508702e+00
1.500000000000000000e+01 6.058203230275508666e+00
1.600000000000000000e+01 8.660254037844385522e+00
1.649739092362730730e+01 8.661760388790495924e+00
1.650229473419497594e+01 8.370254037844386374e+00
1.675344210129246036e+01 8.225254037844385024e+00
1.650344210129246036e+01 7.792241335952166281e+00
1.599739092362730908e+01 7.795734985006056661e+00
1.574739092362730908e+01 7.362722283113837030e+00
1.600229473419497594e+01 7.504228634059947112e+00
1.699739092362730730e+01 9.524773090682714383e+00
1.650000000000000000e+01 9.526279441628824785e+00
1.700229473419497594e+01 9.816279441628823932e+00
1.674739092362730730e+01 9.957785792574934902e+00
1.625260907637269270e+01 9.094773090682714667e+00
1.599770526580502583e+01 9.236279441628825637e+00
1.725000000000000000e+01 9.959292143521045304e+00
1.750229473419497594e+01 1.068230484541326319e+01
1.775344210129246036e+01 1.082730484541326454e+01
1.800344210129246036e+01 1.039429214352104403e+01
1.774739092362730730e+01 9.957785792574934902e+00
1.750000000000000000e+01 9.526279441628824785e+00
1.799739092362730730e+01 9.524773090682716159e+00
1.800229473419497594e+01 9.816279441628825708e+00
1.475260907637269092e+01 5.627658773652742141e+00
1.500000000000000000e+01 5.196152422706632024e+00
1.549739092362730908e+01 5.197658773652741537e+00
1.550229473419497417e+01 4.906152422706631988e+00
1.575344210129246214e+01 4.761152422706631526e+00
1.550344210129246214e+01 4.328139720814412783e+00
1.499739092362730908e+01 4.331633369868303163e+00
1.500229473419497417e+01 4.040127018922193614e+00
1.575000000000000000e+01 6.492177826491070114e+00
1.550000000000000000e+01 6.062177826491070398e+00
1.550000000000000000e+01 6.642177826491070469e+00
1.575000000000000000e+01 5.632177826491070682e+00
1.550000000000000000e+01 5.482177826491070327e+00
1.649739092362730730e+01 6.926696879329398371e+00
1.600000000000000000e+01 6.928203230275508773e+00
1.650229473419497594e+01 7.218203230275507920e+00
1.624739092362730730e+01 7.359709581221618002e+00
1.675000000000000000e+01 7.361215932167727516e+00
1.700229473419497594e+01 8.084228634059947183e+00
1.725344210129246036e+01 8.229228634059946756e+00
1.750344210129246036e+01 7.796215932167728013e+00
1.724739092362730730e+01 7.359709581221618002e+00
1.700000000000000000e+01 6.928203230275508773e+00
1.749739092362730730e+01 6.926696879329398371e+00
1.750229473419497594e+01 7.218203230275507920e+00
1.700000000000000000e+01 8.660254037844385522e+00
1.725000000000000000e+01 9.090254037844385238e+00
1.700000000000000000e+01 9.240254037844385593e+00
1.800229473419497594e+01 9.236279441628823861e+00
1.825344210129246036e+01 9.091279441628824287e+00
1.800344210129246036e+01 8.658266739736605544e+00
1.749739092362730730e+01 8.661760388790495924e+00
1.750229473419497594e+01 8.370254037844386374e+00
1.600229473419497594e+01 4.620127018922192796e+00
1.625344210129246036e+01 4.765127018922192370e+00
1.650344210129246036e+01 4.332114317029973627e+00
1.600000000000000000e+01 5.196152422706632024e+00
1.649739092362730730e+01 5.194646071760522510e+00
1.650229473419497594e+01 5.486152422706632059e+00
1.675344210129246036e+01 5.631152422706632521e+00
1.650344210129246036e+01 6.064165124598851264e+00
1.599739092362730908e+01 6.060671475544960884e+00
1.600229473419497594e+01 6.352177826491070434e+00
1.700229473419497594e+01 5.772177826491070363e+00
1.699739092362730730e+01 6.063684177437179912e+00
1.700114736709748797e+01 6.350190528383289568e+00
1.675000000000000000e+01 6.495190528383290030e+00
1.775000000000000000e+01 7.364228634059947431e+00
1.800000000000000000e+01 7.504228634059947112e+00
1.800000000000000000e+01 7.794228634059947147e+00
1.825000000000000000e+01 8.224228634059947751e+00
1.850000000000000000e+01 7.794228634059947147e+00
1.875000000000000000e+01 8.224228634059947751e+00
1.850000000000000000e+01 8.374228634059946330e+00
1.825260907637269270e+01 9.957785792574934902e+00
1.850000000000000000e+01 9.526279441628824785e+00
1.849739092362730730e+01 8.661760388790495924e+00
1.725000000000000000e+01 5.626152422706631739e+00
1.700000000000000000e+01 5.196152422706632024e+00
1.725000000000000000e+01 4.766152422706632308e+00
1.700000000000000000e+01 4.616152422706631953e+00
1.725260907637269270e+01 6.493684177437179628e+00
1.750000000000000000e+01 6.062177826491070398e+00
1.799739092362730730e+01 6.063684177437179912e+00
1.800229473419497594e+01 5.772177826491070363e+00
1.749739092362730730e+01 5.197658773652741537e+00
1.750229473419497594e+01 4.906152422706631988e+00
1.825000000000000000e+01 7.358203230275508488e+00
1.800000000000000000e+01 6.928203230275508773e+00
1.825000000000000000e+01 6.498203230275509057e+00
1.800000000000000000e+01 6.348203230275508702e+00
1.849885263290251203e+01 6.640190528383289603e+00
1.875000000000000000e+01 7.361215932167728404e+00
