0.000000000000000000e+00 -3.464101615137754386e+00
0.000000000000000000e+00 -1.732050807568877193e+00
-1.500000000000000000e+00 -4.330127018922192761e+00
0.000000000000000000e+00 -6.928203230275508773e+00
0.000000000000000000e+00 -5.196152422706632024e+00
-1.000000000000000000e+00 -5.196152422706632024e+00
-1.500000000000000000e+00 -6.062177826491070398e+00
-2.000000000000000000e+00 -6.928203230275508773e+00
-1.500000000000000000e+00 -7.794228634059947147e+00
0.000000000000000000e+00 -1.039230484541326405e+01
0.000000000000000000e+00 -8.660254037844387298e+00
-1.000000000000000000e+00 -8.660254037844387298e+00
-1.500000000000000000e+00 -9.526279441628824785e+00
-2.000000000000000000e+00 -1.039230484541326405e+01
-1.500000000000000000e+00 -1.125833024919770331e+01
0.000000000000000000e+00 -1.385640646055101755e+01
0.000000000000000000e+00 -1.212435565298214080e+01
-1.000000000000000000e+00 -1.212435565298214080e+01
-1.500000000000000000e+00 -1.299038105676657828e+01
-2.000000000000000000e+00 -1.385640646055101755e+01
-1.500000000000000000e+00 -1.472243186433545681e+01
0.000000000000000000e+00 -1.732050807568877104e+01
0.000000000000000000e+00 -1.558845726811989429e+01
-1.000000000000000000e+00 -1.558845726811989429e+01
3.000000000000000000e+00 -1.732050807568877193e+00
3.000000000000000000e+00 0.000000000000000000e+00
2.000000000000000000e+00 0.000000000000000000e+00
1.500000000000000000e+00 -8.660254037844385966e-01
1.000000000000000000e+00 -1.732050807568877193e+00
1.500000000000000000e+00 -2.598076211353316012e+00
3.000000000000000000e+00 -5.196152422706632024e+00
3.000000000000000000e+00 -3.464101615137754830e+00
2.000000000000000000e+00 -3.464101615137754830e+00
1.500000000000000000e+00 -4.330127018922193649e+00
1.000000000000000000e+00 -5.196152422706632024e+00
1.500000000000000000e+00 -6.062177826491070398e+00
3.000000000000000000e+00 -8.660254037844387298e+00
3.000000000000000000e+00 -6.928203230275510549e+00
2.000000000000000000e+00 -6.928203230275510549e+00
1.500000000000000000e+00 -7.794228634059948924e+00
1.000000000000000000e+00 -8.660254037844387298e+00
1.500000000000000000e+00 -9.526279441628826561e+00
3.000000000000000000e+00 -1.212435565298214080e+01
3.000000000000000000e+00 -1.039230484541326405e+01
2.000000000000000000e+00 -1.039230484541326405e+01
1.500000000000000000e+00 -1.125833024919770153e+01
1.000000000000000000e+00 -1.212435565298214080e+01
1.500000000000000000e+00 -1.299038105676658006e+01
3.000000000000000000e+00 -1.558845726811989429e+01
3.000000000000000000e+00 -1.385640646055101755e+01
2.000000000000000000e+00 -1.385640646055101755e+01
1.500000000000000000e+00 -1.472243186433545503e+01
1.000000000000000000e+00 -1.558845726811989429e+01
1.500000000000000000e+00 -1.645448267190433356e+01
3.000000000000000000e+00 -1.905255888325764957e+01
3.000000000000000000e+00 -1.732050807568877104e+01
2.000000000000000000e+00 -1.732050807568877104e+01
1.500000000000000000e+00 -1.818653347947321208e+01
1.000000000000000000e+00 -1.905255888325764957e+01
3.000000000000000000e+00 -2.078460969082652454e+01
6.000000000000000000e+00 0.000000000000000000e+00
6.000000000000000000e+00 1.732050807568877193e+00
5.000000000000000000e+00 1.732050807568877193e+00
4.500000000000000000e+00 8.660254037844385966e-01
4.000000000000000000e+00 0.000000000000000000e+00
4.500000000000000000e+00 -8.660254037844385966e-01
6.000000000000000000e+00 -3.464101615137754386e+00
6.000000000000000000e+00 -1.732050807568877193e+00
5.000000000000000000e+00 -1.732050807568877193e+00
4.500000000000000000e+00 -2.598076211353316012e+00
4.000000000000000000e+00 -3.464101615137754386e+00
4.500000000000000000e+00 -4.330127018922192761e+00
6.000000000000000000e+00 -6.928203230275509661e+00
6.000000000000000000e+00 -5.196152422706632024e+00
5.000000000000000000e+00 -5.196152422706632024e+00
4.500000000000000000e+00 -6.062177826491071286e+00
4.000000000000000000e+00 -6.928203230275509661e+00
4.500000000000000000e+00 -7.794228634059948035e+00
6.000000000000000000e+00 -1.039230484541326405e+01
6.000000000000000000e+00 -8.660254037844387298e+00
5.000000000000000000e+00 -8.660254037844387298e+00
4.500000000000000000e+00 -9.526279441628824785e+00
4.000000000000000000e+00 -1.039230484541326405e+01
4.500000000000000000e+00 -1.125833024919770331e+01
6.000000000000000000e+00 -1.385640646055101755e+01
6.000000000000000000e+00 -1.212435565298214080e+01
5.000000000000000000e+00 -1.212435565298214080e+01
4.500000000000000000e+00 -1.299038105676657828e+01
4.000000000000000000e+00 -1.385640646055101755e+01
4.500000000000000000e+00 -1.472243186433545681e+01
6.000000000000000000e+00 -1.732050807568877460e+01
6.000000000000000000e+00 -1.558845726811989785e+01
5.000000000000000000e+00 -1.558845726811989785e+01
4.500000000000000000e+00 -1.645448267190433711e+01
4.000000000000000000e+00 -1.732050807568877460e+01
4.500000000000000000e+00 -1.818653347947321208e+01
6.000000000000000000e+00 -2.078460969082652809e+01
6.000000000000000000e+00 -1.905255888325764957e+01
5.000000000000000000e+00 -1.905255888325764957e+01
4.500000000000000000e+00 -1.991858428704209061e+01
4.000000000000000000e+00 -2.078460969082652809e+01
4.500000000000000000e+00 -2.165063509461096558e+01
9.000000000000000000e+00 1.732050807568877637e+00
7.500000000000000000e+00 2.598076211353316012e+00
7.000000000000000000e+00 1.732050807568877637e+00
7.500000000000000000e+00 8.660254037844390407e-01
9.000000000000000000e+00 -1.732050807568876749e+00
9.000000000000000000e+00 4.440892098500626162e-16
8.000000000000000000e+00 4.440892098500626162e-16
7.500000000000000000e+00 -8.660254037844381525e-01
7.000000000000000000e+00 -1.732050807568876749e+00
7.500000000000000000e+00 -2.598076211353315124e+00
9.000000000000000000e+00 -5.196152422706632024e+00
9.000000000000000000e+00 -3.464101615137754830e+00
8.000000000000000000e+00 -3.464101615137754830e+00
7.500000000000000000e+00 -4.330127018922193649e+00
7.000000000000000000e+00 -5.196152422706632024e+00
7.500000000000000000e+00 -6.062177826491070398e+00
9.000000000000000000e+00 -8.660254037844385522e+00
9.000000000000000000e+00 -6.928203230275508773e+00
8.000000000000000000e+00 -6.928203230275508773e+00
7.500000000000000000e+00 -7.794228634059947147e+00
7.000000000000000000e+00 -8.660254037844385522e+00
7.500000000000000000e+00 -9.526279441628824785e+00
9.000000000000000000e+00 -1.212435565298213902e+01
9.000000000000000000e+00 -1.039230484541326227e+01
8.000000000000000000e+00 -1.039230484541326227e+01
7.500000000000000000e+00 -1.125833024919769976e+01
7.000000000000000000e+00 -1.212435565298213902e+01
7.500000000000000000e+00 -1.299038105676657828e+01
9.000000000000000000e+00 -1.558845726811989607e+01
9.000000000000000000e+00 -1.385640646055101932e+01
8.000000000000000000e+00 -1.385640646055101932e+01
7.500000000000000000e+00 -1.472243186433545681e+01
7.000000000000000000e+00 -1.558845726811989607e+01
7.500000000000000000e+00 -1.645448267190433356e+01
9.000000000000000000e+00 -1.905255888325764957e+01
9.000000000000000000e+00 -1.732050807568877104e+01
8.000000000000000000e+00 -1.732050807568877104e+01
7.500000000000000000e+00 -1.818653347947321208e+01
7.000000000000000000e+00 -1.905255888325764957e+01
7.500000000000000000e+00 -1.991858428704208706e+01
9.000000000000000000e+00 -2.251666049839540307e+01
9.000000000000000000e+00 -2.078460969082652454e+01
8.000000000000000000e+00 -2.078460969082652454e+01
7.500000000000000000e+00 -2.165063509461096558e+01
7.000000000000000000e+00 -2.251666049839540307e+01
1.050000000000000000e+01 2.598076211353316012e+00
1.200000000000000000e+01 0.000000000000000000e+00
1.200000000000000000e+01 1.732050807568877193e+00
1.100000000000000000e+01 1.732050807568877193e+00
1.050000000000000000e+01 8.660254037844385966e-01
1.000000000000000000e+01 0.000000000000000000e+00
1.050000000000000000e+01 -8.660254037844385966e-01
1.200000000000000000e+01 -3.464101615137755275e+00
1.200000000000000000e+01 -1.732050807568878081e+00
1.100000000000000000e+01 -1.732050807568878081e+00
1.050000000000000000e+01 -2.598076211353316900e+00
1.000000000000000000e+01 -3.464101615137755275e+00
1.050000000000000000e+01 -4.330127018922193649e+00
1.200000000000000000e+01 -6.928203230275508773e+00
1.200000000000000000e+01 -5.196152422706632024e+00
1.100000000000000000e+01 -5.196152422706632024e+00
1.050000000000000000e+01 -6.062177826491070398e+00
1.000000000000000000e+01 -6.928203230275508773e+00
1.050000000000000000e+01 -7.794228634059947147e+00
1.200000000000000000e+01 -1.039230484541326227e+01
1.200000000000000000e+01 -8.660254037844385522e+00
1.100000000000000000e+01 -8.660254037844385522e+00
1.050000000000000000e+01 -9.526279441628823008e+00
1.000000000000000000e+01 -1.039230484541326227e+01
1.050000000000000000e+01 -1.125833024919770153e+01
1.200000000000000000e+01 -1.385640646055101932e+01
1.200000000000000000e+01 -1.212435565298214257e+01
1.100000000000000000e+01 -1.212435565298214257e+01
1.050000000000000000e+01 -1.299038105676658006e+01
1.000000000000000000e+01 -1.385640646055101932e+01
1.050000000000000000e+01 -1.472243186433545858e+01
1.200000000000000000e+01 -1.732050807568877104e+01
1.200000000000000000e+01 -1.558845726811989429e+01
1.100000000000000000e+01 -1.558845726811989429e+01
1.050000000000000000e+01 -1.645448267190433356e+01
1.000000000000000000e+01 -1.732050807568877104e+01
1.050000000000000000e+01 -1.818653347947320853e+01
1.200000000000000000e+01 -2.078460969082652809e+01
1.200000000000000000e+01 -1.905255888325764957e+01
1.100000000000000000e+01 -1.905255888325764957e+01
1.050000000000000000e+01 -1.991858428704209061e+01
1.000000000000000000e+01 -2.078460969082652809e+01
1.050000000000000000e+01 -2.165063509461096558e+01
1.200000000000000000e+01 -2.251666049839539951e+01
1.100000000000000000e+01 -2.251666049839539951e+01
1.500000000000000000e+01 1.732050807568876749e+00
1.300000000000000000e+01 1.732050807568876749e+00
1.350000000000000000e+01 8.660254037844381525e-01
1.500000000000000000e+01 -1.732050807568878525e+00
1.500000000000000000e+01 -1.332267629550187849e-15
1.400000000000000000e+01 -1.332267629550187849e-15
1.350000000000000000e+01 -8.660254037844399289e-01
1.300000000000000000e+01 -1.732050807568878525e+00
1.350000000000000000e+01 -2.598076211353316900e+00
1.500000000000000000e+01 -5.196152422706632024e+00
1.500000000000000000e+01 -3.464101615137754830e+00
1.400000000000000000e+01 -3.464101615137754830e+00
1.350000000000000000e+01 -4.330127018922193649e+00
1.300000000000000000e+01 -5.196152422706632024e+00
1.350000000000000000e+01 -6.062177826491070398e+00
1.500000000000000000e+01 -8.660254037844385522e+00
1.500000000000000000e+01 -6.928203230275508773e+00
1.400000000000000000e+01 -6.928203230275508773e+00
1.350000000000000000e+01 -7.794228634059947147e+00
1.300000000000000000e+01 -8.660254037844385522e+00
1.350000000000000000e+01 -9.526279441628824785e+00
1.500000000000000000e+01 -1.212435565298214257e+01
1.500000000000000000e+01 -1.039230484541326582e+01
1.400000000000000000e+01 -1.039230484541326582e+01
1.350000000000000000e+01 -1.125833024919770331e+01
1.300000000000000000e+01 -1.212435565298214257e+01
1.350000000000000000e+01 -1.299038105676658184e+01
1.500000000000000000e+01 -1.558845726811989607e+01
1.500000000000000000e+01 -1.385640646055101932e+01
1.400000000000000000e+01 -1.385640646055101932e+01
1.350000000000000000e+01 -1.472243186433545681e+01
1.300000000000000000e+01 -1.558845726811989607e+01
1.350000000000000000e+01 -1.645448267190433356e+01
1.500000000000000000e+01 -1.905255888325764957e+01
1.500000000000000000e+01 -1.732050807568877104e+01
1.400000000000000000e+01 -1.732050807568877104e+01
1.350000000000000000e+01 -1.818653347947321208e+01
1.300000000000000000e+01 -1.905255888325764957e+01
1.350000000000000000e+01 -1.991858428704208706e+01
1.500000000000000000e+01 -2.078460969082652454e+01
1.400000000000000000e+01 -2.078460969082652454e+01
1.350000000000000000e+01 -2.165063509461096558e+01
1.300000000000000000e+01 -2.251666049839540307e+01
1.800000000000000000e+01 0.000000000000000000e+00
1.650000000000000000e+01 8.660254037844385966e-01
1.600000000000000000e+01 0.000000000000000000e+00
1.650000000000000000e+01 -8.660254037844385966e-01
1.800000000000000000e+01 -3.464101615137753498e+00
1.800000000000000000e+01 -1.732050807568876305e+00
1.700000000000000000e+01 -1.732050807568876305e+00
1.650000000000000000e+01 -2.598076211353315124e+00
1.600000000000000000e+01 -3.464101615137753498e+00
1.650000000000000000e+01 -4.330127018922191873e+00
1.800000000000000000e+01 -6.928203230275506996e+00
1.800000000000000000e+01 -5.196152422706630247e+00
1.700000000000000000e+01 -5.196152422706630247e+00
1.650000000000000000e+01 -6.062177826491068622e+00
1.600000000000000000e+01 -6.928203230275506996e+00
1.650000000000000000e+01 -7.794228634059945371e+00
1.800000000000000000e+01 -1.039230484541326405e+01
1.800000000000000000e+01 -8.660254037844387298e+00
1.700000000000000000e+01 -8.660254037844387298e+00
1.650000000000000000e+01 -9.526279441628824785e+00
1.600000000000000000e+01 -1.039230484541326405e+01
1.650000000000000000e+01 -1.125833024919770331e+01
1.800000000000000000e+01 -1.385640646055101755e+01
1.800000000000000000e+01 -1.212435565298214080e+01
1.700000000000000000e+01 -1.212435565298214080e+01
1.650000000000000000e+01 -1.299038105676657828e+01
1.600000000000000000e+01 -1.385640646055101755e+01
1.650000000000000000e+01 -1.472243186433545681e+01
1.800000000000000000e+01 -1.732050807568877104e+01
1.800000000000000000e+01 -1.558845726811989429e+01
1.700000000000000000e+01 -1.558845726811989429e+01
1.650000000000000000e+01 -1.645448267190433356e+01
1.600000000000000000e+01 -1.732050807568877104e+01
1.650000000000000000e+01 -1.818653347947320853e+01
1.800000000000000000e+01 -1.905255888325764602e+01
1.700000000000000000e+01 -1.905255888325764602e+01
1.650000000000000000e+01 -1.991858428704208706e+01
1.600000000000000000e+01 -2.078460969082652454e+01
1.900000000000000000e+01 -1.732050807568876749e+00
1.950000000000000000e+01 -2.598076211353315124e+00
2.100000000000000000e+01 -5.196152422706630247e+00
2.100000000000000000e+01 -3.464101615137753054e+00
2.000000000000000000e+01 -3.464101615137753054e+00
1.950000000000000000e+01 -4.330127018922191873e+00
1.900000000000000000e+01 -5.196152422706630247e+00
1.950000000000000000e+01 -6.062177826491068622e+00
2.100000000000000000e+01 -8.660254037844387298e+00
2.100000000000000000e+01 -6.928203230275510549e+00
2.000000000000000000e+01 -6.928203230275510549e+00
1.950000000000000000e+01 -7.794228634059948924e+00
1.900000000000000000e+01 -8.660254037844387298e+00
1.950000000000000000e+01 -9.526279441628826561e+00
2.100000000000000000e+01 -1.212435565298214080e+01
2.100000000000000000e+01 -1.039230484541326405e+01
2.000000000000000000e+01 -1.039230484541326405e+01
1.950000000000000000e+01 -1.125833024919770153e+01
1.900000000000000000e+01 -1.212435565298214080e+01
1.950000000000000000e+01 -1.299038105676658006e+01
2.100000000000000000e+01 -1.558845726811989429e+01
2.100000000000000000e+01 -1.385640646055101755e+01
2.000000000000000000e+01 -1.385640646055101755e+01
1.950000000000000000e+01 -1.472243186433545503e+01
1.900000000000000000e+01 -1.558845726811989429e+01
1.950000000000000000e+01 -1.645448267190433356e+01
2.000000000000000000e+01 -1.732050807568876749e+01
1.950000000000000000e+01 -1.818653347947320853e+01
1.900000000000000000e+01 -1.905255888325764602e+01
2.200000000000000000e+01 -6.928203230275510549e+00
2.250000000000000000e+01 -7.794228634059948924e+00
2.250000000000000000e+01 -9.526279441628824785e+00
2.200000000000000000e+01 -1.039230484541326405e+01
2.250000000000000000e+01 -1.125833024919770331e+01
2.250000000000000000e+01 -1.299038105676657828e+01
2.200000000000000000e+01 -1.385640646055101755e+01
