4.350000000000007105e+01 4.589934640057520454e+01
4.450000000000007105e+01 4.589934640057520454e+01
4.550000000000007105e+01 4.589934640057520454e+01
4.500000000000007105e+01 4.676537180435963847e+01
4.450000000000007105e+01 4.676537180435963847e+01
4.450000000000007105e+01 4.763139720814407951e+01
4.375000000000007105e+01 4.806440991003629648e+01
4.350000000000007105e+01 4.763139720814407951e+01
4.375000000000007105e+01 4.719838450625186255e+01
4.300000000000007105e+01 4.676537180435963847e+01
4.600000000000007105e+01 4.676537180435964558e+01
4.675000000000007105e+01 4.633235910246742151e+01
4.700000000000007105e+01 4.676537180435964558e+01
4.650000000000007105e+01 4.763139720814407951e+01
4.600000000000007105e+01 4.763139720814407951e+01
4.600000000000007105e+01 4.849742261192852055e+01
4.525000000000007105e+01 4.893043531382073752e+01
4.500000000000007105e+01 4.849742261192852055e+01
4.525000000000007105e+01 4.806440991003630359e+01
4.525000000000007105e+01 4.633235910246742151e+01
4.750000000000007105e+01 4.676537180435964558e+01
4.250000000000007105e+01 4.763139720814407951e+01
4.225000000000007105e+01 4.719838450625186255e+01
4.150000000000007105e+01 4.763139720814407951e+01
4.850000000000006395e+01 4.763139720814407951e+01
4.825000000000006395e+01 4.719838450625186255e+01
4.750000000000006395e+01 4.763139720814407951e+01
4.675000000000006395e+01 4.719838450625186255e+01
4.750000000000007105e+01 4.936344801571295449e+01
4.675000000000007105e+01 4.979646071760517145e+01
4.700000000000007105e+01 5.022947341949739553e+01
4.800000000000007105e+01 5.022947341949739553e+01
4.825000000000007105e+01 4.979646071760517145e+01
4.900000000000007105e+01 5.022947341949739553e+01
4.900000000000007105e+01 4.936344801571295449e+01
4.900000000000007105e+01 4.849742261192852055e+01
4.825000000000007105e+01 4.806440991003629648e+01
4.800000000000007105e+01 4.849742261192852055e+01
4.750000000000007105e+01 4.849742261192852055e+01
4.900000000000007105e+01 5.109549882328182946e+01
4.900000000000007105e+01 5.196152422706627050e+01
4.825000000000007105e+01 5.239453692895848747e+01
4.800000000000007105e+01 5.196152422706627050e+01
4.825000000000007105e+01 5.152851152517405353e+01
4.750000000000007105e+01 5.109549882328182946e+01
4.750000000000007105e+01 5.022947341949739553e+01
4.650000000000007105e+01 4.936344801571295449e+01
4.675000000000007105e+01 4.893043531382073752e+01
4.600000000000007105e+01 5.022947341949739553e+01
4.600000000000007105e+01 5.109549882328182946e+01
4.550000000000007105e+01 5.109549882328182946e+01
4.500000000000007105e+01 5.022947341949739553e+01
4.525000000000007105e+01 4.979646071760517856e+01
4.450000000000007105e+01 4.936344801571295449e+01
4.450000000000007105e+01 4.849742261192852055e+01
4.700000000000007105e+01 5.196152422706627050e+01
4.675000000000007105e+01 5.152851152517405353e+01
4.600000000000007105e+01 5.196152422706627050e+01
4.525000000000007105e+01 5.152851152517405353e+01
4.100000000000007105e+01 4.849742261192852766e+01
4.150000000000007105e+01 4.849742261192852766e+01
4.749999999999942446e+01 5.369357503463501047e+01
4.699999999999942446e+01 5.369357503463501047e+01
4.449999999999941735e+01 5.369357503463499626e+01
4.499999999999941735e+01 5.369357503463499626e+01
4.524999999999941735e+01 5.412658773652722033e+01
4.599999999999941735e+01 5.369357503463500336e+01
4.674999999999941735e+01 5.412658773652722743e+01
4.749999999999942446e+01 5.282754963085056943e+01
4.674999999999942446e+01 5.239453692895834536e+01
4.549999999999941735e+01 5.282754963085056232e+01
4.599999999999941735e+01 5.282754963085056232e+01
4.299999999999939604e+01 5.369357503463499626e+01
4.374999999999939604e+01 5.412658773652722033e+01
4.099999999999941025e+01 5.196152422706609286e+01
4.149999999999940314e+01 5.282754963085054101e+01
4.074999999999941735e+01 5.066248612138942775e+01
4.299999999999941025e+01 5.196152422706610707e+01
4.374999999999941025e+01 5.239453692895833115e+01
4.399999999999941735e+01 5.196152422706611418e+01
4.349999999999941735e+01 5.109549882328167314e+01
4.299999999999941735e+01 5.109549882328166603e+01
4.299999999999942446e+01 5.022947341949722500e+01
4.224999999999942446e+01 4.979646071760500092e+01
4.199999999999941735e+01 5.022947341949721789e+01
4.224999999999941735e+01 5.066248612138944196e+01
4.149999999999941025e+01 5.109549882328165893e+01
4.149999999999940314e+01 5.196152422706609997e+01
4.199999999999941025e+01 5.196152422706609997e+01
4.224999999999940314e+01 5.239453692895832404e+01
4.249999999999943157e+01 4.936344801571277685e+01
4.349999999999943157e+01 4.936344801571278396e+01
4.374999999999943157e+01 4.979646071760500803e+01
4.449999999999943157e+01 5.022947341949723921e+01
4.449999999999942446e+01 5.109549882328168025e+01
4.374999999999941735e+01 5.152851152517389011e+01
4.349999999999941025e+01 5.282754963085055522e+01
4.299999999999940314e+01 5.282754963085054811e+01
4.074999999999941735e+01 4.979646071760498671e+01
4.149999999999942446e+01 4.936344801571276975e+01
4.299999999999944578e+01 4.849742261192834292e+01
4.224999999999944578e+01 4.806440991003611174e+01
4.299999999999943867e+01 4.936344801571278396e+01
4.449999999999941735e+01 5.282754963085056232e+01
4.524999999999942446e+01 5.239453692895834536e+01
