2.5 0.8660254037844386
2.5 0
2 0
1.5 0.8660254037844386
1.75 1.299038105676658
1 1.7320508075688772
1 2.598076211353316
1.5 2.598076211353316
1.75 2.1650635094610964
2.5 2.598076211353316
3.25 2.1650635094610964
3 1.7320508075688772
3.25 1.299038105676658
0.5000000000000001 2.598076211353316
1.1102230246251565e-16 1.7320508075688772
0.25 1.2990381056766578
-0.5 0.8660254037844385
-0.5 0
0 0
0.25 0.4330127018922192
0.9999999999999999 0
1.75 0.4330127018922192
4 1.7320508075688772
4 2.598076211353316
3.5 2.598076211353316
3 0
3.25 0.4330127018922192
4 0
4.75 0.4330127018922192
4.5 0.8660254037844386
4.75 1.299038105676658
3 3.4641016151377544
2.5 3.4641016151377544
2.5 4.330127018922193
1.75 4.763139720814412
1.5 4.330127018922193
1.75 3.897114317029974
1 3.464101615137755
