2.5 0.8660254037844386
2.5 0
2 0
1.5 0.8660254037844386
1.75 1.299038105676658
1 1.7320508075688772
1 2.598076211353316
1.5 2.598076211353316
1.75 2.1650635094610964
2.5 2.598076211353316
3.25 2.1650635094610964
3 1.7320508075688772
3.25 1.299038105676658
0.5000000000000001 2.598076211353316
1.1102230246251565e-16 1.7320508075688772
0.25 1.2990381056766578
-0.5 0.8660254037844385
-0.5 0
0 0
0.25 0.4330127018922192
0.9999999999999999 0
1.75 0.4330127018922192
4 1.7320508075688772
4 2.598076211353316
3.5 2.598076211353316
3 0
3.25 0.4330127018922192
4 0
4.75 0.4330127018922192
4.5 0.8660254037844386
4.75 1.299038105676658
3 3.4641016151377544
2.5 3.4641016151377544
2.5 4.330127018922193
1.75 4.763139720814412
1.5 4.330127018922193
1.75 3.897114317029974
1 3.464101615137755
7 -4.440892098500626e-16
7 -0.866025403784439
6.5 -0.8660254037844389
6 -2.220446049250313e-16
6.25 0.4330127018922192
5.5 0.8660254037844384
5.5 1.7320508075688774
6 1.732050807568877
6.25 1.2990381056766573
7 1.732050807568877
7.75 1.2990381056766573
7.5 0.8660254037844382
7.75 0.43301270189221897
5.000000000000001 1.7320508075688774
4 -0.8660254037844385
4.5 -0.8660254037844386
4.75 -0.43301270189221946
5.5 -0.8660254037844387
6.25 -0.4330127018922197
8.5 0.8660254037844379
8.5 1.7320508075688765
8 1.732050807568877
7.5 -0.866025403784439
7.75 -0.43301270189221996
8.5 -0.8660254037844393
9.25 -0.4330127018922202
9 -7.771561172376096e-16
9.25 0.4330127018922185
7.5 2.598076211353315
7 2.598076211353315
7.000000000000001 3.4641016151377544
6.250000000000001 3.897114317029974
6.000000000000001 3.4641016151377544
6.250000000000001 3.0310889132455348
5.500000000000001 2.598076211353316
3.999999999999999 5.196152422706627
3.2499999999999982 5.629165124598846
3.4999999999999987 6.062177826491066
4.5 6.062177826491067
4.750000000000001 5.629165124598847
5.500000000000002 6.062177826491067
6.250000000000003 5.629165124598847
6.000000000000003 5.196152422706627
5.500000000000002 5.196152422706627
5.500000000000002 4.3301270189221865
4.75 3.897114317029967
4.5 4.330127018922187
3.9999999999999996 4.3301270189221865
6.5000000000000036 6.062177826491066
6.000000000000002 6.928203230275506
5.500000000000002 6.928203230275507
5.500000000000002 7.794228634059946
4.75 8.227241335952167
4.5 7.794228634059946
4.75 7.361215932167727
3.9999999999999996 6.928203230275506
3.999999999999999 6.062177826491067
3.9999999999999996 3.4641016151377464
4.750000000000001 3.0310889132455268
5.000000000000001 3.4641016151377473
2.9999999999999982 5.196152422706627
3.2499999999999982 4.763139720814406
3.2499999999999987 3.0310889132455268
7.750000000000005 3.897114317029967
7.5000000000000036 4.330127018922187
7.0000000000000036 4.330127018922187
7.0000000000000036 5.196152422706627
2.4999999999999973 6.062177826491067
2.4999999999999973 6.928203230275506
1.9999999999999967 6.928203230275506
1.499999999999996 6.062177826491066
1.7499999999999964 5.629165124598846
0.9999999999999953 5.196152422706627
0.9999999999999953 4.3301270189221865
3.4999999999999987 7.794228634059946
3.2499999999999982 7.361215932167727
2.4999999999999973 7.794228634059946
1.7499999999999964 7.361215932167727
-0.49999999999999994 2.5980762113533156
-0.4999999999999999 3.4641016151377544
-0.9999999999999998 3.4641016151377544
-1.4999999999999998 2.5980762113533156
-1.2499999999999998 2.1650635094610964
-1.9999999999999998 1.7320508075688767
-1.9999999999999998 0.8660254037844384
-1.4999999999999998 0.8660254037844384
-1.25 1.2990381056766576
0.24999999999999994 2.1650635094610964
0.5 4.330127018922193
0.25000000000000006 3.8971143170299736
-0.4999999999999999 4.330127018922193
-1.2499999999999998 3.897114317029973
2.5 -0.8660254037844386
1.75 -1.299038105676658
2 -1.7320508075688772
3 -1.7320508075688772
3.25 -1.299038105676658
4 -1.7320508075688772
4.75 -1.299038105676658
0.5000000000000001 -0.8660254037844386
1 -0.8660254037844386
1 -1.7320508075688772
1.75 -2.1650635094610964
7 -1.7320508075688776
6.25 -2.165063509461097
6.5 -2.598076211353316
7.5 -2.5980762113533165
7.75 -2.1650635094610973
8.5 -2.5980762113533165
9.25 -2.1650635094610973
9 -1.732050807568878
8.5 -1.7320508075688779
5 -1.7320508075688772
5.5 -1.7320508075688774
5.5 -2.598076211353316
6.25 -3.031088913245535
8.5 2.598076211353315
7.750000000000001 3.0310889132455348
9.5 0.8660254037844379
9.25 1.2990381056766571
10 1.732050807568876
10 2.5980762113533147
9.5 2.598076211353315
9.25 3.0310889132455343
8.500000000000002 4.330127018922193
8.500000000000002 5.196152422706631
8.000000000000002 5.196152422706631
9 3.464101615137754
9.25 3.897114317029973
7.0000000000000036 6.928203230275506
7.750000000000004 6.4951905283832865
8.000000000000005 6.928203230275506
7.500000000000004 7.794228634059946
7.0000000000000036 7.794228634059946
7.0000000000000036 8.660254037844386
6.2500000000000036 9.093266739736606
6.000000000000003 8.660254037844386
6.250000000000003 8.227241335952165
6.250000000000003 6.4951905283832865
7.750000000000004 5.629165124598847
8.500000000000005 6.062177826491067
8.500000000000005 6.928203230275506
