2.5 0.8660254037844386
2.5 0
2 0
1.5 0.8660254037844386
1.75 1.299038105676658
1 1.7320508075688772
1 2.598076211353316
1.5 2.598076211353316
1.75 2.1650635094610964
2.5 2.598076211353316
3.25 2.1650635094610964
3 1.7320508075688772
3.25 1.299038105676658
0.5000000000000001 2.598076211353316
1.1102230246251565e-16 1.7320508075688772
0.25 1.2990381056766578
-0.5 0.8660254037844385
-0.5 0
0 0
0.25 0.4330127018922192
0.9999999999999999 0
1.75 0.4330127018922192
4 1.7320508075688772
4 2.598076211353316
3.5 2.598076211353316
3 0
3.25 0.4330127018922192
4 0
4.75 0.4330127018922192
4.5 0.8660254037844386
4.75 1.299038105676658
3 3.4641016151377544
2.5 3.4641016151377544
2.5 4.330127018922193
1.75 4.763139720814412
1.5 4.330127018922193
1.75 3.897114317029974
1 3.464101615137755
7 -4.440892098500626e-16
7 -0.866025403784439
6.5 -0.8660254037844389
6 -2.220446049250313e-16
6.25 0.4330127018922192
5.5 0.8660254037844384
5.5 1.7320508075688774
6 1.732050807568877
6.25 1.2990381056766573
7 1.732050807568877
7.75 1.2990381056766573
7.5 0.8660254037844382
7.75 0.43301270189221897
5.000000000000001 1.7320508075688774
4 -0.8660254037844385
4.5 -0.8660254037844386
4.75 -0.43301270189221946
5.5 -0.8660254037844387
6.25 -0.4330127018922197
8.5 0.8660254037844379
8.5 1.7320508075688765
8 1.732050807568877
7.5 -0.866025403784439
7.75 -0.43301270189221996
8.5 -0.8660254037844393
9.25 -0.4330127018922202
9 -7.771561172376096e-16
9.25 0.4330127018922185
7.5 2.598076211353315
7 2.598076211353315
7.000000000000001 3.4641016151377544
6.250000000000001 3.897114317029974
6.000000000000001 3.4641016151377544
6.250000000000001 3.0310889132455348
5.500000000000001 2.598076211353316
3.999999999999999 5.196152422706627
3.2499999999999982 5.629165124598846
3.4999999999999987 6.062177826491066
4.5 6.062177826491067
4.750000000000001 5.629165124598847
5.500000000000002 6.062177826491067
6.250000000000003 5.629165124598847
6.000000000000003 5.196152422706627
5.500000000000002 5.196152422706627
5.500000000000002 4.3301270189221865
4.75 3.897114317029967
4.5 4.330127018922187
3.9999999999999996 4.3301270189221865
6.5000000000000036 6.062177826491066
6.000000000000002 6.928203230275506
5.500000000000002 6.928203230275507
5.500000000000002 7.794228634059946
4.75 8.227241335952167
4.5 7.794228634059946
4.75 7.361215932167727
3.9999999999999996 6.928203230275506
3.999999999999999 6.062177826491067
3.9999999999999996 3.4641016151377464
4.750000000000001 3.0310889132455268
5.000000000000001 3.4641016151377473
2.9999999999999982 5.196152422706627
3.2499999999999982 4.763139720814406
3.2499999999999987 3.0310889132455268
7.750000000000005 3.897114317029967
7.5000000000000036 4.330127018922187
7.0000000000000036 4.330127018922187
7.0000000000000036 5.196152422706627
2.4999999999999973 6.062177826491067
2.4999999999999973 6.928203230275506
1.9999999999999967 6.928203230275506
1.499999999999996 6.062177826491066
1.7499999999999964 5.629165124598846
0.9999999999999953 5.196152422706627
0.9999999999999953 4.3301270189221865
3.4999999999999987 7.794228634059946
3.2499999999999982 7.361215932167727
2.4999999999999973 7.794228634059946
1.7499999999999964 7.361215932167727
-0.49999999999999994 2.5980762113533156
-0.4999999999999999 3.4641016151377544
-0.9999999999999998 3.4641016151377544
-1.4999999999999998 2.5980762113533156
-1.2499999999999998 2.1650635094610964
-1.9999999999999998 1.7320508075688767
-1.9999999999999998 0.8660254037844384
-1.4999999999999998 0.8660254037844384
-1.25 1.2990381056766576
0.24999999999999994 2.1650635094610964
0.5 4.330127018922193
0.25000000000000006 3.8971143170299736
-0.4999999999999999 4.330127018922193
-1.2499999999999998 3.897114317029973
2.5 -0.8660254037844386
1.75 -1.299038105676658
2 -1.7320508075688772
3 -1.7320508075688772
3.25 -1.299038105676658
4 -1.7320508075688772
4.75 -1.299038105676658
0.5000000000000001 -0.8660254037844386
1 -0.8660254037844386
1 -1.7320508075688772
1.75 -2.1650635094610964
7 -1.7320508075688776
6.25 -2.165063509461097
6.5 -2.598076211353316
7.5 -2.5980762113533165
7.75 -2.1650635094610973
8.5 -2.5980762113533165
9.25 -2.1650635094610973
9 -1.732050807568878
8.5 -1.7320508075688779
5 -1.7320508075688772
5.5 -1.7320508075688774
5.5 -2.598076211353316
6.25 -3.031088913245535
8.5 2.598076211353315
7.750000000000001 3.0310889132455348
9.5 0.8660254037844379
9.25 1.2990381056766571
10 1.732050807568876
10 2.5980762113533147
9.5 2.598076211353315
9.25 3.0310889132455343
8.500000000000002 4.330127018922193
8.500000000000002 5.196152422706631
8.000000000000002 5.196152422706631
9 3.464101615137754
9.25 3.897114317029973
7.0000000000000036 6.928203230275506
7.750000000000004 6.4951905283832865
8.000000000000005 6.928203230275506
7.500000000000004 7.794228634059946
7.0000000000000036 7.794228634059946
7.0000000000000036 8.660254037844386
6.2500000000000036 9.093266739736606
6.000000000000003 8.660254037844386
6.250000000000003 8.227241335952165
6.250000000000003 6.4951905283832865
7.750000000000004 5.629165124598847
8.500000000000005 6.062177826491067
8.500000000000005 6.928203230275506
12.999999999999991 -1.7320508075688745
12.999999999999993 -2.598076211353313
12.499999999999993 -2.5980762113533133
11.999999999999993 -1.7320508075688754
12.249999999999991 -1.2990381056766558
11.499999999999991 -0.8660254037844373
11.499999999999991 1.3322676295501878e-15
11.999999999999991 1.7763568394002505e-15
12.249999999999991 -0.4330127018922174
12.99999999999999 2.6645352591003757e-15
13.749999999999991 -0.4330127018922161
13.499999999999991 -0.8660254037844355
13.749999999999991 -1.2990381056766545
10.999999999999991 8.881784197001252e-16
10.499999999999991 -0.8660254037844382
10.749999999999991 -1.2990381056766573
9.999999999999993 -1.7320508075688772
9.999999999999993 -2.5980762113533156
10.499999999999993 -2.598076211353315
10.749999999999993 -2.165063509461096
11.499999999999993 -2.5980762113533142
12.249999999999993 -2.1650635094610946
14.499999999999991 -0.8660254037844346
14.49999999999999 3.9968028886505635e-15
13.99999999999999 3.552713678800501e-15
13.499999999999993 -2.5980762113533125
13.749999999999993 -2.1650635094610933
14.499999999999993 -2.5980762113533116
15.249999999999993 -2.165063509461092
14.999999999999991 -1.7320508075688728
15.249999999999991 -1.2990381056766531
13.49999999999999 0.8660254037844415
12.99999999999999 0.866025403784441
12.99999999999999 1.7320508075688794
12.24999999999999 2.165063509461098
11.99999999999999 1.7320508075688785
12.24999999999999 1.2990381056766598
11.49999999999999 0.8660254037844402
17.499999999999993 -2.59807621135331
17.499999999999993 -3.464101615137748
16.999999999999993 -3.4641016151377486
16.499999999999993 -2.5980762113533107
16.749999999999993 -2.165063509461091
15.999999999999991 -1.7320508075688723
15.999999999999991 -0.8660254037844335
16.49999999999999 -0.866025403784433
16.749999999999993 -1.2990381056766527
17.49999999999999 -0.8660254037844326
18.249999999999993 -1.2990381056766513
17.999999999999993 -1.732050807568871
18.249999999999993 -2.16506350946109
15.499999999999991 -0.8660254037844339
14.499999999999993 -3.4641016151377504
14.999999999999993 -3.46410161513775
15.249999999999993 -3.0310889132455308
15.999999999999993 -3.464101615137749
16.749999999999993 -3.0310889132455294
18.999999999999993 -1.73205080756887
18.99999999999999 -0.8660254037844313
18.49999999999999 -0.8660254037844317
17.999999999999993 -3.4641016151377477
18.249999999999993 -3.0310889132455285
18.999999999999993 -3.4641016151377473
19.749999999999993 -3.0310889132455276
19.499999999999993 -2.5980762113533085
19.749999999999993 -2.165063509461089
17.99999999999999 6.217248937900877e-15
17.49999999999999 5.773159728050814e-15
17.49999999999999 0.8660254037844437
16.74999999999999 1.2990381056766633
16.49999999999999 0.8660254037844437
16.74999999999999 0.43301270189222496
15.999999999999991 5.329070518200751e-15
14.499999999999988 2.598076211353314
13.749999999999986 3.031088913245533
13.999999999999986 3.4641016151377535
14.999999999999988 3.4641016151377544
15.249999999999988 3.0310889132455343
15.99999999999999 3.4641016151377553
16.74999999999999 3.0310889132455356
16.49999999999999 2.5980762113533156
15.99999999999999 2.5980762113533156
15.999999999999991 1.7320508075688754
15.24999999999999 1.2990381056766553
14.99999999999999 1.7320508075688745
14.499999999999988 1.732050807568874
16.99999999999999 3.464101615137756
16.49999999999999 4.330127018922195
15.999999999999988 4.3301270189221945
15.999999999999988 5.196152422706635
15.249999999999986 5.629165124598854
14.999999999999986 5.196152422706634
15.249999999999986 4.763139720814414
14.499999999999986 4.330127018922194
14.499999999999986 3.4641016151377535
14.49999999999999 0.8660254037844339
15.249999999999991 0.4330127018922152
15.499999999999991 0.8660254037844348
13.499999999999986 2.598076211353313
13.749999999999988 2.1650635094610937
13.74999999999999 0.4330127018922134
18.249999999999993 1.2990381056766576
17.999999999999993 1.7320508075688776
17.499999999999993 1.7320508075688767
17.499999999999993 2.5980762113533165
12.999999999999984 3.4641016151377526
12.999999999999982 4.330127018922192
12.499999999999982 4.330127018922192
11.999999999999982 3.4641016151377517
12.249999999999984 3.0310889132455316
11.499999999999982 2.598076211353311
11.499999999999984 1.7320508075688714
13.999999999999984 5.196152422706633
13.749999999999984 4.763139720814412
12.999999999999982 5.196152422706632
12.249999999999982 4.7631397208144115
9.999999999999991 -2.220446049250313e-16
9.99999999999999 0.8660254037844383
9.249999999999991 -1.299038105676659
10.749999999999991 -0.43301270189221874
10.99999999999999 1.7320508075688774
10.74999999999999 1.299038105676658
12.999999999999993 -3.4641016151377513
12.249999999999995 -3.897114317029971
12.499999999999995 -4.33012701892219
13.499999999999995 -4.330127018922189
13.749999999999993 -3.8971143170299696
14.499999999999995 -4.330127018922188
15.249999999999993 -3.8971143170299687
10.999999999999995 -3.464101615137753
11.499999999999995 -3.4641016151377526
11.499999999999995 -4.330127018922191
12.249999999999995 -4.76313972081441
17.499999999999993 -4.330127018922187
16.749999999999993 -4.763139720814407
16.999999999999993 -5.196152422706626
17.999999999999993 -5.196152422706625
18.249999999999993 -4.763139720814406
18.999999999999993 -5.196152422706625
19.749999999999993 -4.763139720814404
19.499999999999993 -4.330127018922186
18.999999999999993 -4.330127018922186
15.499999999999995 -4.330127018922188
15.999999999999995 -4.330127018922188
15.999999999999995 -5.196152422706627
16.749999999999996 -5.629165124598845
18.99999999999999 7.327471962526033e-15
18.24999999999999 0.4330127018922262
19.99999999999999 -1.7320508075688692
19.74999999999999 -1.29903810567665
20.49999999999999 -0.8660254037844304
20.49999999999999 8.104628079763643e-15
19.99999999999999 7.882583474838611e-15
19.74999999999999 0.43301270189222707
18.99999999999999 1.7320508075688843
18.99999999999999 2.598076211353323
18.49999999999999 2.5980762113533222
19.49999999999999 0.8660254037844463
19.74999999999999 1.2990381056766656
17.49999999999999 4.330127018922196
18.249999999999993 3.897114317029977
18.499999999999993 4.330127018922197
17.99999999999999 5.196152422706636
17.49999999999999 5.196152422706636
17.49999999999999 6.062177826491075
16.74999999999999 6.495190528383294
16.49999999999999 6.062177826491074
16.74999999999999 5.629165124598854
16.74999999999999 3.897114317029976
18.249999999999993 3.0310889132455374
18.999999999999993 3.464101615137758
18.999999999999993 4.330127018922197
11.499999999999964 12.990381056766575
10.749999999999964 13.423393758658795
10.999999999999964 13.856406460551014
11.999999999999964 13.856406460551014
12.249999999999964 13.423393758658795
12.999999999999964 13.856406460551014
13.749999999999964 13.423393758658795
13.499999999999964 12.990381056766577
12.999999999999964 12.990381056766577
12.999999999999964 12.124355652982135
12.249999999999964 11.691342951089917
11.999999999999964 12.124355652982137
11.499999999999964 12.124355652982135
13.999999999999964 13.856406460551014
13.499999999999964 14.722431864335453
12.999999999999964 14.722431864335453
12.999999999999964 15.588457268119893
12.249999999999964 16.021469970012113
11.999999999999964 15.588457268119893
12.249999999999964 15.155444566227674
11.499999999999964 14.722431864335453
11.499999999999964 13.856406460551014
11.499999999999964 11.258330249197698
12.249999999999964 10.825317547305477
12.499999999999964 11.258330249197698
10.499999999999964 12.990381056766577
10.749999999999963 12.557368354874356
9.999999999999963 12.124355652982135
9.999999999999963 11.258330249197698
10.499999999999963 11.258330249197698
10.749999999999963 10.825317547305477
13.499999999999964 11.258330249197698
13.749999999999964 11.691342951089917
14.499999999999964 11.258330249197698
15.249999999999966 11.691342951089917
14.999999999999964 12.124355652982137
14.499999999999964 12.124355652982135
14.499999999999966 12.990381056766575
8.499999999999961 9.52627944162882
7.749999999999962 9.959292143521038
7.999999999999962 10.392304845413257
8.999999999999963 10.392304845413257
9.249999999999963 9.959292143521038
9.999999999999963 10.392304845413257
10.749999999999963 9.959292143521038
10.499999999999963 9.526279441628818
9.999999999999963 9.52627944162882
9.999999999999963 8.660254037844378
9.249999999999961 8.22724133595216
8.999999999999961 8.660254037844378
8.499999999999961 8.660254037844378
10.999999999999963 10.392304845413257
9.249999999999963 12.557368354874354
8.999999999999963 12.124355652982135
9.249999999999963 11.691342951089917
8.499999999999963 11.258330249197696
8.499999999999963 10.392304845413257
8.499999999999961 7.794228634059941
9.249999999999961 7.361215932167721
9.499999999999963 7.794228634059941
7.499999999999961 9.52627944162882
7.749999999999961 9.093266739736599
7.749999999999961 7.361215932167721
10.499999999999963 7.79422863405994
10.749999999999963 8.22724133595216
11.499999999999963 7.79422863405994
12.249999999999963 8.22724133595216
11.999999999999963 8.660254037844378
11.499999999999963 8.660254037844378
11.499999999999964 9.526279441628818
14.499999999999961 9.526279441628823
15.249999999999963 9.959292143521044
15.499999999999963 9.526279441628823
14.999999999999961 8.660254037844382
14.499999999999961 8.660254037844382
14.499999999999961 7.794228634059942
13.74999999999996 7.361215932167721
13.499999999999957 7.794228634059942
13.74999999999996 8.227241335952161
12.999999999999957 8.660254037844382
12.999999999999957 9.526279441628823
13.499999999999957 9.526279441628823
13.74999999999996 9.959292143521042
13.99999999999996 6.928203230275502
14.999999999999961 6.928203230275502
15.249999999999963 7.361215932167721
15.999999999999964 6.928203230275502
16.749999999999964 7.361215932167721
16.499999999999964 7.794228634059942
15.999999999999964 7.794228634059942
15.999999999999964 8.660254037844382
15.249999999999963 9.093266739736602
12.999999999999957 10.392304845413262
12.249999999999956 9.959292143521042
12.499999999999957 9.526279441628823
14.999999999999961 10.392304845413262
14.499999999999961 10.392304845413262
12.999999999999957 11.258330249197703
11.499999999999954 6.928203230275502
11.999999999999956 6.928203230275502
12.249999999999956 7.361215932167721
12.999999999999957 6.928203230275502
15.999999999999961 10.392304845413264
16.749999999999964 9.959292143521044
16.999999999999964 10.392304845413264
16.49999999999996 11.258330249197703
15.999999999999961 11.258330249197703
15.999999999999961 12.124355652982144
15.249999999999961 12.557368354874363
16.999999999999964 8.660254037844382
16.749999999999964 9.093266739736602
17.499999999999964 9.526279441628823
17.499999999999964 10.392304845413264
14.499999999999966 14.722431864335453
15.249999999999966 14.289419162443233
15.499999999999966 14.722431864335453
14.999999999999966 15.588457268119893
14.499999999999966 15.588457268119893
14.499999999999966 16.45448267190433
13.749999999999966 16.88749537379655
13.499999999999964 16.45448267190433
13.749999999999964 16.021469970012113
13.749999999999964 14.289419162443233
15.499999999999966 12.990381056766575
15.249999999999966 13.423393758658795
15.999999999999966 13.856406460551014
15.999999999999966 14.722431864335453
9.999999999999964 13.856406460551014
9.999999999999964 14.722431864335453
9.499999999999964 14.722431864335453
8.999999999999964 13.856406460551014
9.249999999999964 13.423393758658795
8.499999999999964 12.990381056766577
8.499999999999963 12.124355652982135
10.999999999999964 15.588457268119893
10.749999999999964 15.155444566227674
9.999999999999964 15.588457268119893
9.249999999999964 15.155444566227674
6.999999999999961 10.392304845413257
6.999999999999962 11.258330249197696
6.499999999999961 11.258330249197696
5.999999999999961 10.392304845413257
6.249999999999961 9.959292143521038
5.499999999999961 9.52627944162882
5.49999999999996 8.66025403784438
7.999999999999963 12.124355652982135
7.749999999999962 11.691342951089915
6.999999999999962 12.124355652982135
6.249999999999962 11.691342951089917
9.999999999999961 6.9282032302755026
10.749999999999963 7.361215932167721
9.249999999999961 5.629165124598844
9.499999999999961 6.062177826491063
9.999999999999961 6.062177826491063
11.499999999999963 6.062177826491063
12.249999999999963 5.629165124598844
12.499999999999963 6.062177826491062
10.499999999999961 6.062177826491063
10.749999999999961 5.629165124598844
14.499999999999961 6.0621778264910615
13.749999999999961 5.629165124598841
15.999999999999964 6.0621778264910615
14.499999999999961 6.928203230275502
12.99999999999996 6.0621778264910615
9.999999999999991 3.4641016151377504
9.499999999999991 4.3301270189221865
9.99999999999999 4.330127018922187
9.99999999999999 5.196152422706626
10.999999999999988 5.196152422706627
10.749999999999988 4.763139720814408
11.499999999999988 4.33012701892219
11.49999999999999 3.4641016151377526
10.99999999999999 3.4641016151377517
10.749999999999991 3.0310889132455325
6.999999999999964 17.320508075688775
7.749999999999964 17.75352077758099
7.499999999999964 18.186533479473212
6.499999999999963 18.186533479473212
6.249999999999963 17.75352077758099
5.499999999999963 18.186533479473212
4.749999999999962 17.753520777580995
4.999999999999962 17.320508075688775
5.499999999999963 17.320508075688775
5.499999999999963 16.454482671904334
6.249999999999963 16.021469970012117
6.499999999999963 16.454482671904334
6.999999999999963 16.454482671904334
8.499999999999964 16.454482671904334
9.249999999999964 16.021469970012113
9.499999999999964 16.454482671904334
8.999999999999964 17.320508075688775
8.499999999999964 17.320508075688775
8.499999999999964 18.186533479473212
7.7499999999999645 18.619546181365433
7.499999999999964 16.454482671904334
7.749999999999964 16.021469970012113
6.999999999999962 13.856406460551016
6.249999999999961 13.423393758658795
5.999999999999961 13.856406460551016
6.499999999999962 14.722431864335455
6.999999999999963 14.722431864335455
6.999999999999963 15.588457268119894
7.999999999999963 15.588457268119894
7.749999999999963 15.155444566227674
8.499999999999963 14.722431864335455
8.499999999999963 13.856406460551014
7.999999999999963 13.856406460551016
7.749999999999963 13.423393758658795
4.749999999999961 16.021469970012113
4.999999999999961 15.588457268119894
5.499999999999961 15.588457268119894
5.499999999999961 14.722431864335455
6.249999999999962 14.289419162443235
6.499999999999962 12.990381056766577
6.999999999999962 12.990381056766577
9.999999999999964 16.454482671904334
5.49999999999996 12.990381056766577
4.749999999999959 13.423393758658795
4.499999999999959 12.990381056766577
4.999999999999959 12.124355652982137
5.49999999999996 12.124355652982137
5.49999999999996 11.258330249197698
6.249999999999961 10.825317547305477
4.499999999999959 14.722431864335455
4.74999999999996 14.289419162443235
3.999999999999959 13.856406460551016
3.999999999999959 12.990381056766577
3.999999999999958 10.392304845413259
3.999999999999958 9.52627944162882
3.4999999999999574 9.52627944162882
2.999999999999957 10.392304845413259
3.2499999999999574 10.82531754730548
2.4999999999999565 11.258330249197698
2.4999999999999565 12.124355652982137
2.999999999999957 12.124355652982137
3.2499999999999574 11.691342951089919
3.999999999999958 12.124355652982137
4.749999999999958 11.691342951089919
4.499999999999958 11.258330249197698
4.749999999999958 10.825317547305477
1.9999999999999563 12.124355652982137
1.4999999999999558 11.258330249197698
1.7499999999999558 10.825317547305477
0.9999999999999551 10.392304845413259
0.9999999999999551 9.52627944162882
1.4999999999999556 9.52627944162882
1.7499999999999558 9.959292143521038
2.4999999999999565 9.52627944162882
3.2499999999999574 9.959292143521038
4.499999999999958 9.52627944162882
4.749999999999958 9.959292143521038
3.2499999999999574 14.289419162443236
2.9999999999999574 13.856406460551016
3.2499999999999574 13.423393758658797
2.4999999999999565 12.990381056766577
3.9999999999999583 8.66025403784438
3.249999999999958 8.227241335952161
1.999999999999957 8.66025403784438
2.4999999999999574 8.66025403784438
-0.49999999999999845 9.526279441628823
0.25000000000000167 9.959292143521042
1.7763568394002505e-15 10.39230484541326
-0.9999999999999982 10.39230484541326
-1.2499999999999982 9.959292143521042
-1.9999999999999982 10.39230484541326
-2.7499999999999982 9.959292143521042
-2.4999999999999982 9.526279441628823
-1.9999999999999982 9.526279441628823
-1.9999999999999987 8.660254037844384
-1.2499999999999987 8.227241335952165
-0.9999999999999987 8.660254037844384
-0.49999999999999845 8.660254037844384
1.0000000000000016 8.660254037844384
1.7500000000000013 8.227241335952165
0.2500000000000019 10.82531754730548
1.5543122344752192e-15 8.660254037844384
0.25000000000000155 8.227241335952165
-0.49999999999999956 6.062177826491066
-1.2499999999999998 5.629165124598846
-1.4999999999999998 6.062177826491066
-0.9999999999999996 6.928203230275504
-0.49999999999999956 6.928203230275504
-0.49999999999999956 7.794228634059944
0.5000000000000009 7.794228634059944
0.25000000000000044 7.361215932167724
1.0000000000000009 6.928203230275504
1.0000000000000009 6.062177826491065
0.5000000000000009 6.062177826491066
0.2500000000000009 5.629165124598845
-2.75 8.227241335952163
-2.5 7.794228634059944
-2 7.794228634059944
-2 6.928203230275505
-1.2499999999999998 6.495190528383285
-0.9999999999999996 5.196152422706627
-0.49999999999999956 5.196152422706627
-2 5.1961524227066285
-2.75 5.629165124598848
-3 5.1961524227066285
-2.5 4.33012701892219
-2 4.330127018922189
-2 3.464101615137751
-1.25 3.0310889132455316
-3 6.928203230275506
-2.75 6.495190528383287
-3.5 6.062177826491068
-3.5 5.1961524227066285
-3.5000000000000027 2.5980762113533116
-3.5000000000000027 1.7320508075688728
-4.000000000000003 1.7320508075688728
-4.500000000000003 2.598076211353312
-4.250000000000003 3.031088913245531
-5.000000000000003 3.464101615137751
-5.000000000000003 4.33012701892219
-4.500000000000003 4.33012701892219
-4.250000000000003 3.89711431702997
-3.500000000000002 4.33012701892219
-2.7500000000000018 3.89711431702997
-3.0000000000000018 3.464101615137751
-2.750000000000002 3.031088913245531
-5.500000000000003 4.33012701892219
-6.0000000000000036 3.464101615137751
-5.7500000000000036 3.031088913245531
-6.5000000000000036 2.598076211353312
-6.5000000000000036 1.7320508075688732
-6.0000000000000036 1.7320508075688732
-5.7500000000000036 2.1650635094610924
-5.0000000000000036 1.732050807568873
-4.250000000000003 2.1650635094610924
-3.000000000000002 1.7320508075688725
-2.750000000000002 2.165063509461092
-4.250000000000002 6.495190528383287
-4.500000000000002 6.062177826491068
-4.250000000000002 5.629165124598849
-5.000000000000003 5.196152422706629
-6.5 4.33012701892219
-6.5 5.196152422706629
-7 5.196152422706629
-7.5 4.330127018922191
-7.25 3.8971143170299714
-8 3.4641016151377517
-8 2.5980762113533133
-7.500000000000001 2.598076211353313
-7.250000000000001 3.031088913245532
-5.750000000000001 3.897114317029971
-5.5 6.062177826491068
-5.75 5.629165124598848
-6.5 6.062177826491068
-7.25 5.629165124598848
-3.5000000000000027 0.8660254037844348
-4.2500000000000036 0.43301270189221563
-4.0000000000000036 -3.856032249901373e-15
-3.000000000000003 -4.159350821002245e-15
-2.750000000000003 0.43301270189221513
-2.0000000000000027 -4.462669392103117e-15
-1.2500000000000027 0.4330127018922147
-5.5000000000000036 0.8660254037844354
-5.0000000000000036 0.8660254037844353
-5.0000000000000036 -3.552713678800501e-15
-4.2500000000000036 -0.4330127018922231
0.9999999999999994 -5.19615242270663
0.24999999999999956 -4.7631397208144115
-4.440892098500626e-16 -5.19615242270663
0.49999999999999944 -6.0621778264910695
0.9999999999999994 -6.0621778264910695
0.9999999999999992 -6.928203230275508
1.7499999999999991 -7.3612159321677275
1.9999999999999991 -6.928203230275509
1.7499999999999991 -6.495190528383288
2.499999999999999 -6.0621778264910695
2.4999999999999996 -5.196152422706631
1.9999999999999996 -5.196152422706631
1.7499999999999996 -4.7631397208144115
0.9999999999999999 -3.4641016151377535
0.9999999999999999 -2.598076211353315
0.5000000000000001 -2.598076211353315
-1.1102230246251565e-16 -3.4641016151377535
0.24999999999999978 -3.8971143170299727
-0.5000000000000003 -4.330127018922192
-0.5000000000000004 -5.19615242270663
1.4999999999999996 -4.330127018922192
1.7499999999999996 -3.897114317029973
3.9999999999999996 -3.4641016151377544
4.75 -3.8971143170299736
4.5 -4.330127018922193
3.4999999999999996 -4.330127018922193
3.2499999999999996 -3.8971143170299736
2.4999999999999996 -4.330127018922193
1.9999999999999993 -3.4641016151377544
2.4999999999999996 -3.4641016151377544
2.499999999999999 -2.5980762113533156
3.25 -2.1650635094610964
3.5 -2.598076211353316
4 -2.5980762113533156
3.2499999999999996 -6.49519052838329
3.4999999999999996 -6.06217782649107
3.2499999999999996 -5.629165124598851
3.9999999999999996 -5.196152422706632
4 -4.330127018922193
5 -3.4641016151377544
4.75 -3.0310889132455348
0.2499999999999991 -2.1650635094610964
5.5 -4.330127018922193
5.5 -5.196152422706632
6 -5.196152422706632
6.5 -4.330127018922193
6.25 -3.8971143170299736
7 -3.4641016151377544
7 -2.5980762113533156
4.5 -6.06217782649107
4.75 -5.629165124598851
5.5 -6.06217782649107
6.25 -5.629165124598851
8.500000000000002 -4.330127018922194
9.250000000000002 -3.897114317029974
9.500000000000002 -4.330127018922194
9.000000000000002 -5.196152422706633
8.5 -5.196152422706633
8.500000000000002 -6.062177826491071
7.750000000000001 -6.495190528383291
7.5 -6.062177826491071
7.750000000000001 -5.6291651245988525
7 -5.196152422706633
7.000000000000001 -4.330127018922194
7.500000000000001 -4.330127018922194
7.750000000000001 -3.8971143170299745
8 -6.9282032302755105
9.000000000000002 -6.9282032302755105
9.250000000000002 -6.495190528383291
10.000000000000002 -6.9282032302755105
10.750000000000002 -6.495190528383291
10.500000000000002 -6.062177826491071
10.000000000000002 -6.062177826491071
10.000000000000002 -5.196152422706633
9.250000000000002 -4.763139720814413
9.000000000000002 -3.464101615137755
8.5 -3.464101615137755
5.5 -6.9282032302755105
6.000000000000001 -6.9282032302755105
6.25 -6.495190528383292
7 -6.9282032302755105
10 -3.4641016151377553
10.750000000000002 -3.8971143170299745
11.000000000000002 -5.196152422706633
10.750000000000002 -4.763139720814413
11.499999999999996 -7.794228634059947
10.749999999999995 -7.361215932167728
10.499999999999996 -7.794228634059948
10.999999999999996 -8.660254037844386
11.499999999999996 -8.660254037844386
11.499999999999996 -9.526279441628825
12.249999999999998 -9.959292143521044
12.499999999999996 -9.526279441628823
12.249999999999996 -9.093266739736604
12.999999999999996 -8.660254037844386
12.999999999999996 -7.794228634059946
12.499999999999996 -7.794228634059946
12.249999999999996 -7.3612159321677275
11.499999999999995 -6.0621778264910695
11.499999999999993 -5.19615242270663
9.999999999999996 -7.794228634059948
11.999999999999995 -6.928203230275508
12.249999999999995 -6.495190528383288
14.499999999999995 -6.062177826491066
15.249999999999996 -6.495190528383285
14.999999999999996 -6.928203230275504
13.999999999999996 -6.928203230275505
13.749999999999996 -6.4951905283832865
12.999999999999996 -6.928203230275507
12.499999999999995 -6.062177826491068
12.999999999999995 -6.062177826491068
12.999999999999993 -5.1961524227066285
13.749999999999995 -4.763139720814409
13.999999999999995 -5.196152422706628
14.499999999999995 -5.196152422706627
13.749999999999998 -9.093266739736604
13.999999999999998 -8.660254037844384
13.749999999999998 -8.227241335952165
14.499999999999998 -7.7942286340599445
14.499999999999996 -6.928203230275505
15.499999999999996 -6.062177826491065
15.249999999999996 -5.629165124598845
15.999999999999996 -6.928203230275503
15.999999999999998 -7.794228634059943
16.499999999999996 -7.794228634059943
16.999999999999996 -6.928203230275503
16.749999999999996 -6.495190528383284
17.499999999999996 -6.062177826491063
17.499999999999996 -5.196152422706625
14.999999999999998 -8.660254037844384
15.249999999999998 -8.227241335952163
15.999999999999998 -8.660254037844382
16.749999999999996 -8.227241335952161
18.999999999999996 -6.928203230275503
19.749999999999996 -6.495190528383283
19.999999999999996 -6.9282032302755026
19.5 -7.794228634059943
18.999999999999996 -7.794228634059943
19 -8.660254037844382
18.25 -9.093266739736602
18 -8.660254037844384
18.25 -8.227241335952163
17.499999999999996 -7.7942286340599445
17.499999999999996 -6.928203230275505
17.999999999999996 -6.928203230275505
18.249999999999996 -6.495190528383285
18.5 -9.526279441628821
19.5 -9.526279441628821
19.75 -9.0932667397366
20.5 -9.52627944162882
21.25 -9.093266739736599
21 -8.66025403784438
20.5 -8.66025403784438
20.5 -7.794228634059942
19.749999999999996 -7.361215932167722
19.499999999999996 -6.062177826491064
18.999999999999996 -6.062177826491064
15.999999999999998 -9.526279441628823
16.5 -9.526279441628823
16.749999999999996 -9.093266739736604
17.5 -9.526279441628823
19 -10.39230484541326
18.25 -10.82531754730548
18.5 -11.2583302491977
19.5 -11.258330249197698
19.75 -10.82531754730548
20.5 -11.258330249197698
21.25 -10.825317547305477
21 -10.392304845413259
20.5 -10.392304845413259
19 -9.526279441628821
17 -10.39230484541326
17.5 -10.39230484541326
17.5 -11.2583302491977
18.25 -11.691342951089919
20.5 -6.062177826491062
21.25 -6.495190528383282
21.5 -6.062177826491062
21 -5.196152422706623
20.499999999999996 -5.196152422706624
20.499999999999996 -4.330127018922185
19.749999999999996 -3.897114317029966
21.5 -7.79422863405994
21.25 -7.36121593216772
22 -6.928203230275501
22 -6.0621778264910615
17.499999999999982 7.794228634059952
17.499999999999982 8.660254037844389
18.249999999999986 6.4951905283832945
17.999999999999982 6.928203230275513
18.249999999999982 7.361215932167733
18.999999999999982 8.66025403784439
19.749999999999982 9.093266739736611
19.499999999999982 9.52627944162883
18.499999999999982 9.526279441628828
18.249999999999982 9.09326673973661
18.499999999999982 7.7942286340599525
18.999999999999982 7.7942286340599525
20.499999999999986 6.0621778264910775
20.499999999999986 5.196152422706639
19.999999999999986 5.196152422706638
19.499999999999986 6.062177826491077
19.749999999999986 6.495190528383296
18.999999999999986 6.928203230275514
19.499999999999982 7.794228634059953
19.749999999999982 7.361215932167735
20.499999999999982 7.794228634059955
21.249999999999982 7.361215932167736
20.999999999999982 6.928203230275516
21.249999999999986 6.495190528383297
18.249999999999986 5.629165124598856
18.999999999999986 5.196152422706637
19.749999999999986 5.629165124598857
21.999999999999982 6.928203230275518
21.999999999999982 7.794228634059956
21.499999999999982 7.794228634059955
20.999999999999986 5.196152422706639
21.249999999999986 5.629165124598859
21.999999999999986 5.19615242270664
22.749999999999986 5.62916512459886
22.499999999999986 6.062177826491079
22.749999999999986 6.495190528383299
20.999999999999982 8.660254037844393
20.499999999999982 8.660254037844393
20.499999999999982 9.526279441628832
19.749999999999982 9.95929214352105
20.499999999999986 4.3301270189222
19.749999999999986 3.89711431702998
19.999999999999986 3.4641016151377606
20.999999999999986 3.4641016151377615
21.249999999999986 3.897114317029981
21.999999999999986 3.4641016151377624
22.749999999999986 3.8971143170299825
22.499999999999986 4.330127018922202
21.999999999999986 4.330127018922201
19.749999999999986 3.031088913245541
21.999999999999986 1.732050807568886
22.749999999999986 1.2990381056766673
22.49999999999999 0.8660254037844479
21.49999999999999 0.8660254037844468
21.249999999999986 1.299038105676666
20.49999999999999 0.8660254037844459
19.999999999999986 1.7320508075688843
20.499999999999986 1.7320508075688847
20.499999999999986 2.598076211353323
21.249999999999986 3.031088913245543
21.499999999999986 2.598076211353324
21.999999999999986 2.598076211353325
21.24999999999999 -1.29903810567665
21.49999999999999 -0.8660254037844304
21.24999999999999 -0.43301270189221136
21.99999999999999 8.659739592076221e-15
21.99999999999999 0.8660254037844473
22.999999999999986 1.732050807568887
22.749999999999986 2.165063509461106
23.499999999999986 2.5980762113533262
23.499999999999986 3.464101615137765
22.999999999999986 3.464101615137764
23.499999999999986 0.8660254037844473
23.49999999999999 8.43769498715119e-15
23.99999999999999 8.992806499463768e-15
24.499999999999986 0.8660254037844484
24.249999999999986 1.2990381056766673
24.999999999999986 1.7320508075688879
24.999999999999986 2.5980762113533267
24.499999999999986 2.5980762113533262
24.249999999999986 2.1650635094611066
22.49999999999999 -0.8660254037844314
22.74999999999999 -0.4330127018922118
23.49999999999999 -0.8660254037844303
24.24999999999999 -0.43301270189221003
20.499999999999964 11.258330249197696
20.499999999999964 10.392304845413257
20.999999999999964 10.392304845413257
21.499999999999964 11.258330249197696
21.249999999999964 11.691342951089915
21.999999999999968 12.124355652982135
21.999999999999968 12.990381056766573
21.499999999999968 12.990381056766575
21.249999999999968 12.557368354874354
20.499999999999964 12.990381056766575
19.749999999999964 12.557368354874356
19.999999999999964 12.124355652982135
19.749999999999964 11.691342951089917
18.999999999999964 10.392304845413257
18.249999999999964 9.959292143521038
21.249999999999964 9.959292143521036
19.499999999999964 11.258330249197696
18.999999999999964 11.258330249197696
17.499999999999964 12.990381056766575
17.499999999999964 13.856406460551014
17.999999999999964 13.856406460551014
18.499999999999964 12.990381056766575
18.249999999999964 12.557368354874356
18.999999999999964 12.124355652982135
18.499999999999964 11.258330249197696
18.249999999999964 11.691342951089915
17.499999999999964 11.258330249197696
16.749999999999964 11.691342951089917
16.999999999999964 12.124355652982135
16.749999999999964 12.557368354874356
20.499999999999968 13.856406460551014
19.999999999999968 13.856406460551014
19.749999999999968 13.423393758658795
18.999999999999968 13.856406460551014
18.249999999999964 13.423393758658795
16.999999999999964 13.856406460551016
16.749999999999964 13.423393758658795
17.499999999999964 14.722431864335453
18.249999999999968 15.155444566227674
17.999999999999968 15.588457268119893
16.999999999999964 15.588457268119893
16.749999999999964 15.155444566227674
15.999999999999964 15.588457268119894
15.249999999999964 15.155444566227674
19.499999999999968 14.722431864335453
18.999999999999968 14.722431864335453
18.999999999999968 15.588457268119893
18.249999999999968 16.021469970012113
15.99999999999997 17.32050807568877
15.24999999999997 17.75352077758099
15.49999999999997 18.186533479473212
16.49999999999997 18.186533479473212
16.74999999999997 17.75352077758099
17.49999999999997 18.186533479473212
18.24999999999997 17.75352077758099
17.99999999999997 17.32050807568877
17.49999999999997 17.32050807568877
17.49999999999997 16.45448267190433
16.749999999999968 16.021469970012113
16.499999999999968 16.454482671904334
15.99999999999997 16.454482671904334
18.49999999999997 18.186533479473212
17.99999999999997 19.05255888325765
17.49999999999997 19.05255888325765
17.49999999999997 19.91858428704209
16.74999999999997 20.35159698893431
16.49999999999997 19.91858428704209
16.74999999999997 19.48557158514987
15.999999999999972 19.052558883257653
15.99999999999997 18.186533479473212
14.999999999999968 17.32050807568877
15.249999999999968 16.887495373796554
19.74999999999997 16.02146997001211
19.49999999999997 16.45448267190433
18.99999999999997 16.45448267190433
18.99999999999997 17.32050807568877
18.99999999999997 19.052558883257653
19.74999999999997 18.619546181365433
19.99999999999997 19.052558883257653
19.49999999999997 19.91858428704209
18.99999999999997 19.91858428704209
18.99999999999997 20.78460969082653
18.24999999999997 21.217622392718752
17.99999999999997 20.78460969082653
18.24999999999997 20.35159698893431
18.24999999999997 18.619546181365433
19.99999999999997 17.320508075688775
19.74999999999997 17.75352077758099
20.49999999999997 18.186533479473212
20.49999999999997 19.052558883257653
14.499999999999966 18.186533479473216
14.499999999999968 19.052558883257653
13.999999999999966 19.052558883257657
13.499999999999966 18.186533479473216
13.749999999999966 17.753520777580995
12.999999999999964 17.320508075688778
12.999999999999964 16.454482671904337
15.499999999999968 19.918584287042094
15.249999999999968 19.485571585149874
14.499999999999968 19.918584287042094
13.749999999999968 19.485571585149874
