3.800000000000006395e+01 3.810511776651524940e+01
3.750000000000007105e+01 3.897114317029969044e+01
3.700000000000007105e+01 3.897114317029969044e+01
3.700000000000007105e+01 3.983716857408413148e+01
3.625000000000007105e+01 4.027018127597634845e+01
3.600000000000007105e+01 3.983716857408413148e+01
3.625000000000007105e+01 3.940415587219191451e+01
3.850000000000006395e+01 3.897114317029968333e+01
3.925000000000006395e+01 3.853813046840746637e+01
3.950000000000006395e+01 3.897114317029968333e+01
3.900000000000007105e+01 3.983716857408412437e+01
3.850000000000007105e+01 3.983716857408412437e+01
3.850000000000007105e+01 4.070319397786855831e+01
3.775000000000007105e+01 4.113620667976078238e+01
3.750000000000007105e+01 4.070319397786856541e+01
3.775000000000007105e+01 4.027018127597634134e+01
3.775000000000006395e+01 3.853813046840746637e+01
3.950000000000006395e+01 3.723909236273080836e+01
3.925000000000006395e+01 3.767210506462302533e+01
4.000000000000006395e+01 3.810511776651524229e+01
4.000000000000006395e+01 3.897114317029968333e+01
4.950000000000007105e+01 3.723909236273081547e+01
4.900000000000007105e+01 3.723909236273081547e+01
4.900000000000007105e+01 3.810511776651525651e+01
4.825000000000007105e+01 3.853813046840747347e+01
4.800000000000007105e+01 3.810511776651525651e+01
4.825000000000007105e+01 3.767210506462303954e+01
4.750000000000007105e+01 3.723909236273081547e+01
4.750000000000007105e+01 3.637306695894638153e+01
4.675000000000007105e+01 3.767210506462303954e+01
4.650000000000007105e+01 3.723909236273082257e+01
4.675000000000007105e+01 3.680607966083860561e+01
4.600000000000007105e+01 3.637306695894638153e+01
4.450000000000007105e+01 3.637306695894638153e+01
4.400000000000007105e+01 3.637306695894638153e+01
4.550000000000007105e+01 3.723909236273082257e+01
4.525000000000007105e+01 3.680607966083860561e+01
4.450000000000007105e+01 3.723909236273082257e+01
4.375000000000007105e+01 3.680607966083860561e+01
4.150000000000007105e+01 3.723909236273082257e+01
4.225000000000007105e+01 3.767210506462303954e+01
4.250000000000007105e+01 3.723909236273082257e+01
4.225000000000007105e+01 3.680607966083860561e+01
4.300000000000007105e+01 3.637306695894638153e+01
4.200000000000007105e+01 3.810511776651526361e+01
4.100000000000007105e+01 3.810511776651526361e+01
4.075000000000007105e+01 3.767210506462303954e+01
4.000000000000007105e+01 3.723909236273082257e+01
4.450000000000007105e+01 3.810511776651526361e+01
4.400000000000007105e+01 3.810511776651526361e+01
4.375000000000007105e+01 3.767210506462303954e+01
4.300000000000007105e+01 3.810511776651526361e+01
4.300000000000007105e+01 4.503332099679076350e+01
4.225000000000007105e+01 4.546633369868298047e+01
4.250000000000007105e+01 4.589934640057520454e+01
4.350000000000007105e+01 4.589934640057520454e+01
4.375000000000007105e+01 4.546633369868298047e+01
4.450000000000007105e+01 4.589934640057520454e+01
4.525000000000007105e+01 4.546633369868298047e+01
4.500000000000007105e+01 4.503332099679076350e+01
4.450000000000007105e+01 4.503332099679076350e+01
4.450000000000007105e+01 4.416729559300632246e+01
4.375000000000007105e+01 4.373428289111410550e+01
4.350000000000007105e+01 4.416729559300632246e+01
4.300000000000007105e+01 4.416729559300632957e+01
4.550000000000007105e+01 4.589934640057520454e+01
4.500000000000007105e+01 4.676537180435963847e+01
4.450000000000007105e+01 4.676537180435963847e+01
4.450000000000007105e+01 4.763139720814407951e+01
4.375000000000007105e+01 4.806440991003629648e+01
4.350000000000007105e+01 4.763139720814407951e+01
4.375000000000007105e+01 4.719838450625186255e+01
4.300000000000007105e+01 4.676537180435963847e+01
4.300000000000007105e+01 4.589934640057520454e+01
4.300000000000007105e+01 4.330127018922188853e+01
4.375000000000007105e+01 4.286825748732967156e+01
4.400000000000007105e+01 4.330127018922188853e+01
4.200000000000007105e+01 4.503332099679076350e+01
4.225000000000007105e+01 4.460030829489854654e+01
4.150000000000007105e+01 4.416729559300632246e+01
4.150000000000007105e+01 4.330127018922188853e+01
4.200000000000007105e+01 4.330127018922188853e+01
4.225000000000007105e+01 4.286825748732967156e+01
4.500000000000007105e+01 4.330127018922188853e+01
4.525000000000007105e+01 4.373428289111410550e+01
4.600000000000007105e+01 4.330127018922188853e+01
4.675000000000007105e+01 4.373428289111410550e+01
4.650000000000007105e+01 4.416729559300632957e+01
4.600000000000007105e+01 4.416729559300632957e+01
4.600000000000007105e+01 4.503332099679076350e+01
4.000000000000007105e+01 4.156921938165300645e+01
3.925000000000007105e+01 4.200223208354522342e+01
3.950000000000007105e+01 4.243524478543744749e+01
4.050000000000007105e+01 4.243524478543744749e+01
4.075000000000007105e+01 4.200223208354522342e+01
4.150000000000007105e+01 4.243524478543744749e+01
4.225000000000007105e+01 4.200223208354522342e+01
4.200000000000007105e+01 4.156921938165300645e+01
4.150000000000007105e+01 4.156921938165300645e+01
4.150000000000007105e+01 4.070319397786856541e+01
4.075000000000007105e+01 4.027018127597634845e+01
4.050000000000007105e+01 4.070319397786856541e+01
4.000000000000007105e+01 4.070319397786856541e+01
4.250000000000007105e+01 4.243524478543744749e+01
4.075000000000007105e+01 4.460030829489853943e+01
4.050000000000007105e+01 4.416729559300632246e+01
4.075000000000007105e+01 4.373428289111410550e+01
4.000000000000007105e+01 4.330127018922188142e+01
4.000000000000007105e+01 4.243524478543744749e+01
4.000000000000007105e+01 3.983716857408413148e+01
4.075000000000007105e+01 3.940415587219190741e+01
4.100000000000007105e+01 3.983716857408413148e+01
3.900000000000007105e+01 4.156921938165300645e+01
3.925000000000007105e+01 4.113620667976078948e+01
3.925000000000007105e+01 3.940415587219190741e+01
4.200000000000007105e+01 3.983716857408413148e+01
4.225000000000007105e+01 4.027018127597634845e+01
4.300000000000007105e+01 3.983716857408413148e+01
4.375000000000007105e+01 4.027018127597634845e+01
4.350000000000007105e+01 4.070319397786856541e+01
4.300000000000007105e+01 4.070319397786856541e+01
4.300000000000007105e+01 4.156921938165300645e+01
4.600000000000007105e+01 4.156921938165301356e+01
4.675000000000007105e+01 4.200223208354523052e+01
4.700000000000007105e+01 4.156921938165301356e+01
4.650000000000007105e+01 4.070319397786857252e+01
4.600000000000007105e+01 4.070319397786857252e+01
4.600000000000007105e+01 3.983716857408413148e+01
4.525000000000007105e+01 3.940415587219191451e+01
4.500000000000006395e+01 3.983716857408413148e+01
4.525000000000007105e+01 4.027018127597634845e+01
4.450000000000006395e+01 4.070319397786857252e+01
4.450000000000006395e+01 4.156921938165301356e+01
4.500000000000006395e+01 4.156921938165301356e+01
4.525000000000006395e+01 4.200223208354523052e+01
4.550000000000007105e+01 3.897114317029969044e+01
4.650000000000007105e+01 3.897114317029969044e+01
4.675000000000007105e+01 3.940415587219191451e+01
4.750000000000007105e+01 3.897114317029969044e+01
4.825000000000007105e+01 3.940415587219191451e+01
4.800000000000007105e+01 3.983716857408413148e+01
4.750000000000007105e+01 3.983716857408413148e+01
4.750000000000007105e+01 4.070319397786857252e+01
4.675000000000007105e+01 4.113620667976078948e+01
4.450000000000006395e+01 4.243524478543744749e+01
4.375000000000006395e+01 4.200223208354523052e+01
4.400000000000006395e+01 4.156921938165301356e+01
4.650000000000007105e+01 4.243524478543744749e+01
4.600000000000007105e+01 4.243524478543744749e+01
4.450000000000006395e+01 4.330127018922188853e+01
4.300000000000006395e+01 3.897114317029969044e+01
4.350000000000006395e+01 3.897114317029969044e+01
4.375000000000006395e+01 3.940415587219190741e+01
4.450000000000006395e+01 3.897114317029969044e+01
4.750000000000007105e+01 4.243524478543745460e+01
4.825000000000007105e+01 4.200223208354523052e+01
4.850000000000007105e+01 4.243524478543745460e+01
4.800000000000007105e+01 4.330127018922189563e+01
4.750000000000007105e+01 4.330127018922189563e+01
4.750000000000007105e+01 4.416729559300632957e+01
4.675000000000007105e+01 4.460030829489855364e+01
4.850000000000007105e+01 4.070319397786857252e+01
4.825000000000007105e+01 4.113620667976079659e+01
4.900000000000007105e+01 4.156921938165301356e+01
4.900000000000007105e+01 4.243524478543745460e+01
4.600000000000007105e+01 4.676537180435964558e+01
4.675000000000007105e+01 4.633235910246742151e+01
4.700000000000007105e+01 4.676537180435964558e+01
4.650000000000007105e+01 4.763139720814407951e+01
4.600000000000007105e+01 4.763139720814407951e+01
4.600000000000007105e+01 4.849742261192852055e+01
4.525000000000007105e+01 4.893043531382073752e+01
4.500000000000007105e+01 4.849742261192852055e+01
4.525000000000007105e+01 4.806440991003630359e+01
4.525000000000007105e+01 4.633235910246742151e+01
4.700000000000007105e+01 4.503332099679076350e+01
4.675000000000007105e+01 4.546633369868298757e+01
4.750000000000007105e+01 4.589934640057520454e+01
4.750000000000007105e+01 4.676537180435964558e+01
4.150000000000007105e+01 4.589934640057520454e+01
4.150000000000007105e+01 4.676537180435963847e+01
4.100000000000007105e+01 4.676537180435963847e+01
4.050000000000007105e+01 4.589934640057520454e+01
4.075000000000007105e+01 4.546633369868298047e+01
4.000000000000007105e+01 4.503332099679076350e+01
4.000000000000007105e+01 4.416729559300632957e+01
4.250000000000007105e+01 4.763139720814407951e+01
4.225000000000007105e+01 4.719838450625186255e+01
4.150000000000007105e+01 4.763139720814407951e+01
4.075000000000007105e+01 4.719838450625186255e+01
3.850000000000007105e+01 4.243524478543744749e+01
3.850000000000007105e+01 4.330127018922188142e+01
3.800000000000007105e+01 4.330127018922188142e+01
3.750000000000007105e+01 4.243524478543744749e+01
3.775000000000007105e+01 4.200223208354522342e+01
3.700000000000007105e+01 4.156921938165300645e+01
3.700000000000007105e+01 4.070319397786856541e+01
3.950000000000007105e+01 4.416729559300632246e+01
3.925000000000007105e+01 4.373428289111410550e+01
3.850000000000007105e+01 4.416729559300632246e+01
3.775000000000007105e+01 4.373428289111410550e+01
4.150000000000007105e+01 3.897114317029969044e+01
4.225000000000007105e+01 3.940415587219191451e+01
4.150000000000007105e+01 3.810511776651525651e+01
4.600000000000006395e+01 3.810511776651525651e+01
4.525000000000006395e+01 3.767210506462303243e+01
4.750000000000006395e+01 3.810511776651525651e+01
4.600000000000006395e+01 3.897114317029969754e+01
5.200000000000006395e+01 4.330127018922188853e+01
5.200000000000006395e+01 4.243524478543745460e+01
5.250000000000006395e+01 4.243524478543745460e+01
5.300000000000006395e+01 4.330127018922188853e+01
5.275000000000006395e+01 4.373428289111410550e+01
5.350000000000006395e+01 4.416729559300632957e+01
5.350000000000006395e+01 4.503332099679076350e+01
5.300000000000006395e+01 4.503332099679076350e+01
5.275000000000006395e+01 4.460030829489854654e+01
5.200000000000006395e+01 4.503332099679076350e+01
5.125000000000006395e+01 4.460030829489854654e+01
5.150000000000006395e+01 4.416729559300632957e+01
5.125000000000006395e+01 4.373428289111410550e+01
5.050000000000006395e+01 4.243524478543745460e+01
4.975000000000006395e+01 4.200223208354523052e+01
5.000000000000006395e+01 4.156921938165301356e+01
5.100000000000006395e+01 4.156921938165301356e+01
5.125000000000006395e+01 4.200223208354523052e+01
5.200000000000006395e+01 4.156921938165301356e+01
5.275000000000006395e+01 4.200223208354523052e+01
5.100000000000006395e+01 4.330127018922188853e+01
5.050000000000006395e+01 4.330127018922188853e+01
4.900000000000006395e+01 4.503332099679076350e+01
4.900000000000006395e+01 4.589934640057520454e+01
4.950000000000006395e+01 4.589934640057520454e+01
5.000000000000006395e+01 4.503332099679076350e+01
4.975000000000006395e+01 4.460030829489854654e+01
5.050000000000006395e+01 4.416729559300632957e+01
5.000000000000006395e+01 4.330127018922188853e+01
4.975000000000006395e+01 4.373428289111410550e+01
4.900000000000006395e+01 4.330127018922188853e+01
4.825000000000006395e+01 4.373428289111410550e+01
4.850000000000006395e+01 4.416729559300632957e+01
4.825000000000006395e+01 4.460030829489854654e+01
5.200000000000006395e+01 4.589934640057520454e+01
5.150000000000006395e+01 4.589934640057520454e+01
5.125000000000006395e+01 4.546633369868298757e+01
5.050000000000006395e+01 4.589934640057520454e+01
4.975000000000006395e+01 4.546633369868298757e+01
4.850000000000006395e+01 4.589934640057520454e+01
4.825000000000006395e+01 4.546633369868298757e+01
4.975000000000006395e+01 4.113620667976079659e+01
4.900000000000006395e+01 4.676537180435963847e+01
4.975000000000006395e+01 4.719838450625186255e+01
4.950000000000006395e+01 4.763139720814407951e+01
4.850000000000006395e+01 4.763139720814407951e+01
4.825000000000006395e+01 4.719838450625186255e+01
4.750000000000006395e+01 4.763139720814407951e+01
4.675000000000006395e+01 4.719838450625186255e+01
5.100000000000006395e+01 4.676537180435963847e+01
5.050000000000006395e+01 4.676537180435963847e+01
5.050000000000006395e+01 4.763139720814407951e+01
4.975000000000006395e+01 4.806440991003629648e+01
4.750000000000007105e+01 4.936344801571295449e+01
4.675000000000007105e+01 4.979646071760517145e+01
4.700000000000007105e+01 5.022947341949739553e+01
4.800000000000007105e+01 5.022947341949739553e+01
4.825000000000007105e+01 4.979646071760517145e+01
4.900000000000007105e+01 5.022947341949739553e+01
4.975000000000007105e+01 4.979646071760517145e+01
4.950000000000007105e+01 4.936344801571295449e+01
4.900000000000007105e+01 4.936344801571295449e+01
4.900000000000007105e+01 4.849742261192852055e+01
4.825000000000007105e+01 4.806440991003629648e+01
4.800000000000007105e+01 4.849742261192852055e+01
4.750000000000007105e+01 4.849742261192852055e+01
5.000000000000007105e+01 5.022947341949739553e+01
4.950000000000007105e+01 5.109549882328182946e+01
4.900000000000007105e+01 5.109549882328182946e+01
4.900000000000007105e+01 5.196152422706627050e+01
4.825000000000007105e+01 5.239453692895848747e+01
4.800000000000007105e+01 5.196152422706627050e+01
4.825000000000007105e+01 5.152851152517405353e+01
4.750000000000007105e+01 5.109549882328182946e+01
4.750000000000007105e+01 5.022947341949739553e+01
4.650000000000007105e+01 4.936344801571295449e+01
4.675000000000007105e+01 4.893043531382073752e+01
5.125000000000007105e+01 4.806440991003629648e+01
5.100000000000007105e+01 4.849742261192852055e+01
5.050000000000007105e+01 4.849742261192852055e+01
5.050000000000007105e+01 4.936344801571295449e+01
5.050000000000006395e+01 5.109549882328183656e+01
5.125000000000006395e+01 5.066248612138961249e+01
5.150000000000006395e+01 5.109549882328183656e+01
5.100000000000006395e+01 5.196152422706627050e+01
5.050000000000006395e+01 5.196152422706627050e+01
5.050000000000006395e+01 5.282754963085071154e+01
4.975000000000006395e+01 5.326056233274292850e+01
4.950000000000006395e+01 5.282754963085071154e+01
4.975000000000006395e+01 5.239453692895848747e+01
4.975000000000006395e+01 5.066248612138961249e+01
5.150000000000006395e+01 4.936344801571295449e+01
5.125000000000006395e+01 4.979646071760517856e+01
5.200000000000006395e+01 5.022947341949739553e+01
5.200000000000006395e+01 5.109549882328183656e+01
4.600000000000007105e+01 5.022947341949739553e+01
4.600000000000007105e+01 5.109549882328182946e+01
4.550000000000007105e+01 5.109549882328182946e+01
4.500000000000007105e+01 5.022947341949739553e+01
4.525000000000007105e+01 4.979646071760517856e+01
4.450000000000007105e+01 4.936344801571295449e+01
4.450000000000007105e+01 4.849742261192852055e+01
4.700000000000007105e+01 5.196152422706627050e+01
4.675000000000007105e+01 5.152851152517405353e+01
4.600000000000007105e+01 5.196152422706627050e+01
4.525000000000007105e+01 5.152851152517405353e+01
3.850000000000007105e+01 4.936344801571296159e+01
3.925000000000007105e+01 4.979646071760518566e+01
3.900000000000007105e+01 5.022947341949740263e+01
3.800000000000007105e+01 5.022947341949740263e+01
3.775000000000007105e+01 4.979646071760518566e+01
3.700000000000007105e+01 5.022947341949740263e+01
3.625000000000007105e+01 4.979646071760518566e+01
3.650000000000007105e+01 4.936344801571296159e+01
3.700000000000007105e+01 4.936344801571296159e+01
3.700000000000007105e+01 4.849742261192852766e+01
3.775000000000007105e+01 4.806440991003630359e+01
3.800000000000007105e+01 4.849742261192852766e+01
3.850000000000007105e+01 4.849742261192852766e+01
4.000000000000007105e+01 4.849742261192852766e+01
4.075000000000007105e+01 4.806440991003630359e+01
4.100000000000007105e+01 4.849742261192852766e+01
4.050000000000007105e+01 4.936344801571296159e+01
4.000000000000007105e+01 4.936344801571296159e+01
4.000000000000007105e+01 5.022947341949740263e+01
3.925000000000007105e+01 5.066248612138961960e+01
3.900000000000007105e+01 4.849742261192852766e+01
3.925000000000007105e+01 4.806440991003630359e+01
3.850000000000007105e+01 4.589934640057521165e+01
3.775000000000007105e+01 4.546633369868298757e+01
3.750000000000007105e+01 4.589934640057521165e+01
3.800000000000007105e+01 4.676537180435964558e+01
3.850000000000007105e+01 4.676537180435964558e+01
3.850000000000007105e+01 4.763139720814408662e+01
3.950000000000007105e+01 4.763139720814408662e+01
3.925000000000007105e+01 4.719838450625186965e+01
4.000000000000007105e+01 4.676537180435964558e+01
4.000000000000007105e+01 4.589934640057521165e+01
3.950000000000007105e+01 4.589934640057521165e+01
3.925000000000007105e+01 4.546633369868298757e+01
3.625000000000007105e+01 4.806440991003630359e+01
3.650000000000007105e+01 4.763139720814408662e+01
3.700000000000007105e+01 4.763139720814408662e+01
3.700000000000007105e+01 4.676537180435964558e+01
3.775000000000007105e+01 4.633235910246742861e+01
3.800000000000007105e+01 4.503332099679077061e+01
3.850000000000007105e+01 4.503332099679077061e+01
4.150000000000007105e+01 4.849742261192852766e+01
3.700000000000007105e+01 4.503332099679077061e+01
3.625000000000007105e+01 4.546633369868299468e+01
3.600000000000007105e+01 4.503332099679077061e+01
3.650000000000007105e+01 4.416729559300633667e+01
3.700000000000007105e+01 4.416729559300633667e+01
3.700000000000007105e+01 4.330127018922189563e+01
3.775000000000007105e+01 4.286825748732967867e+01
3.600000000000007105e+01 4.676537180435965269e+01
3.625000000000007105e+01 4.633235910246742861e+01
3.550000000000007105e+01 4.589934640057521165e+01
3.550000000000007105e+01 4.503332099679077061e+01
3.550000000000007105e+01 4.243524478543745460e+01
3.550000000000007105e+01 4.156921938165301356e+01
3.500000000000007105e+01 4.156921938165301356e+01
3.450000000000007105e+01 4.243524478543745460e+01
3.475000000000007105e+01 4.286825748732967156e+01
3.400000000000007105e+01 4.330127018922188853e+01
3.400000000000007105e+01 4.416729559300632957e+01
3.450000000000007105e+01 4.416729559300632957e+01
3.475000000000007105e+01 4.373428289111411260e+01
3.550000000000007105e+01 4.416729559300632957e+01
3.625000000000007105e+01 4.373428289111411260e+01
3.600000000000007105e+01 4.330127018922188853e+01
3.625000000000007105e+01 4.286825748732967156e+01
3.350000000000007105e+01 4.416729559300632957e+01
3.300000000000007105e+01 4.330127018922188853e+01
3.325000000000007105e+01 4.286825748732967156e+01
3.400000000000007105e+01 4.156921938165301356e+01
3.475000000000007105e+01 4.200223208354523052e+01
3.600000000000007105e+01 4.156921938165301356e+01
3.625000000000007105e+01 4.200223208354523052e+01
3.475000000000007105e+01 4.633235910246742861e+01
3.450000000000007105e+01 4.589934640057520454e+01
3.475000000000007105e+01 4.546633369868298757e+01
3.400000000000007105e+01 4.503332099679077061e+01
3.250000000000007105e+01 4.416729559300633667e+01
3.250000000000007105e+01 4.503332099679077061e+01
3.325000000000007105e+01 4.373428289111411260e+01
3.350000000000007105e+01 4.589934640057521165e+01
3.325000000000007105e+01 4.546633369868299468e+01
3.250000000000007105e+01 4.589934640057521165e+01
3.550000000000007105e+01 4.070319397786857962e+01
5.499999999999941735e+01 5.715767664977282436e+01
5.424999999999941735e+01 5.759068935166504133e+01
5.449999999999941025e+01 5.802370205355725830e+01
5.549999999999941735e+01 5.802370205355726540e+01
5.574999999999941735e+01 5.759068935166504843e+01
5.649999999999942446e+01 5.715767664977283147e+01
5.649999999999942446e+01 5.629165124598839043e+01
5.574999999999942446e+01 5.585863854409616636e+01
5.549999999999942446e+01 5.629165124598838332e+01
5.499999999999942446e+01 5.629165124598838332e+01
5.499999999999941025e+01 5.888972745734170644e+01
5.499999999999941025e+01 5.802370205355726540e+01
5.499999999999943157e+01 5.542562584220394228e+01
5.574999999999943157e+01 5.499261314031172532e+01
5.599999999999943157e+01 5.542562584220394939e+01
5.399999999999941735e+01 5.715767664977281726e+01
5.424999999999941735e+01 5.672466394788060029e+01
5.349999999999941735e+01 5.629165124598837622e+01
5.349999999999942446e+01 5.542562584220393518e+01
5.399999999999942446e+01 5.542562584220393518e+01
5.424999999999943157e+01 5.499261314031171821e+01
5.699999999999943157e+01 5.542562584220395649e+01
5.724999999999943157e+01 5.585863854409617346e+01
5.199999999999943157e+01 5.369357503463504599e+01
5.124999999999942446e+01 5.412658773652726296e+01
5.149999999999942446e+01 5.455960043841947993e+01
5.249999999999942446e+01 5.455960043841948703e+01
5.274999999999943157e+01 5.412658773652727007e+01
5.349999999999943157e+01 5.455960043841949414e+01
5.424999999999943157e+01 5.412658773652727717e+01
5.399999999999943867e+01 5.369357503463506021e+01
5.349999999999943157e+01 5.369357503463505310e+01
5.349999999999943867e+01 5.282754963085061206e+01
5.274999999999943867e+01 5.239453692895838799e+01
5.249999999999943867e+01 5.282754963085060496e+01
5.199999999999943867e+01 5.282754963085060496e+01
5.449999999999943157e+01 5.455960043841950124e+01
5.274999999999941735e+01 5.672466394788059318e+01
5.249999999999941735e+01 5.629165124598836911e+01
5.274999999999941735e+01 5.585863854409615215e+01
5.199999999999942446e+01 5.542562584220392807e+01
5.199999999999942446e+01 5.455960043841948703e+01
5.199999999999943867e+01 5.196152422706616392e+01
5.274999999999944578e+01 5.152851152517394695e+01
5.299999999999944578e+01 5.196152422706617102e+01
5.099999999999943157e+01 5.369357503463503889e+01
5.124999999999943157e+01 5.326056233274282192e+01
5.124999999999944578e+01 5.152851152517393984e+01
5.399999999999944578e+01 5.196152422706617813e+01
5.424999999999944578e+01 5.239453692895839509e+01
5.499999999999944578e+01 5.196152422706617813e+01
5.574999999999944578e+01 5.239453692895840931e+01
5.549999999999944578e+01 5.282754963085062627e+01
5.499999999999944578e+01 5.282754963085061917e+01
5.499999999999943867e+01 5.369357503463506021e+01
5.799999999999943867e+01 5.369357503463508152e+01
5.849999999999944578e+01 5.282754963085064759e+01
5.799999999999944578e+01 5.282754963085064048e+01
5.799999999999945288e+01 5.196152422706619944e+01
5.724999999999945288e+01 5.152851152517397537e+01
5.699999999999944578e+01 5.196152422706619234e+01
5.724999999999944578e+01 5.239453692895841641e+01
5.649999999999943867e+01 5.282754963085063338e+01
5.649999999999943867e+01 5.369357503463507442e+01
5.699999999999943867e+01 5.369357503463508152e+01
5.724999999999943867e+01 5.412658773652729849e+01
5.749999999999945288e+01 5.109549882328175840e+01
5.849999999999945999e+01 5.109549882328176551e+01
5.874999999999945999e+01 5.152851152517398248e+01
5.649999999999943157e+01 5.455960043841951546e+01
5.574999999999943157e+01 5.412658773652729138e+01
5.599999999999943157e+01 5.369357503463507442e+01
5.799999999999943867e+01 5.455960043841952256e+01
5.649999999999942446e+01 5.542562584220395649e+01
5.499999999999944578e+01 5.109549882328174419e+01
5.549999999999944578e+01 5.109549882328174419e+01
5.574999999999944578e+01 5.152851152517396827e+01
5.649999999999945288e+01 5.109549882328175130e+01
5.349999999999941025e+01 5.802370205355725119e+01
5.349999999999940314e+01 5.888972745734169223e+01
5.299999999999940314e+01 5.888972745734169223e+01
5.249999999999940314e+01 5.802370205355724408e+01
5.274999999999941025e+01 5.759068935166502712e+01
5.199999999999941025e+01 5.715767664977280305e+01
5.199999999999941735e+01 5.629165124598836201e+01
5.449999999999939604e+01 5.975575286112614037e+01
5.424999999999940314e+01 5.932274015923391630e+01
5.349999999999939604e+01 5.975575286112613327e+01
5.274999999999939604e+01 5.932274015923390920e+01
5.049999999999941735e+01 5.455960043841947282e+01
5.049999999999941735e+01 5.542562584220391386e+01
4.999999999999941735e+01 5.542562584220391386e+01
4.949999999999941735e+01 5.455960043841946572e+01
4.974999999999942446e+01 5.412658773652724875e+01
4.899999999999942446e+01 5.369357503463502468e+01
4.899999999999942446e+01 5.282754963085058364e+01
5.149999999999941025e+01 5.629165124598836201e+01
5.124999999999941735e+01 5.585863854409613793e+01
5.049999999999941025e+01 5.629165124598835490e+01
4.974999999999941025e+01 5.585863854409613083e+01
5.349999999999945288e+01 5.109549882328172998e+01
5.424999999999945288e+01 5.152851152517395406e+01
5.274999999999945999e+01 4.979646071760506487e+01
5.299999999999945999e+01 5.022947341949728184e+01
5.349999999999945999e+01 5.022947341949728894e+01
5.499999999999945999e+01 5.022947341949729605e+01
5.574999999999946709e+01 4.979646071760507908e+01
5.599999999999946709e+01 5.022947341949730315e+01
5.399999999999945999e+01 5.022947341949728894e+01
5.424999999999946709e+01 4.979646071760507198e+01
5.799999999999945999e+01 5.022947341949731026e+01
5.724999999999945999e+01 4.979646071760508619e+01
5.749999999999945999e+01 4.936344801571286922e+01
5.849999999999946709e+01 4.936344801571287633e+01
5.874999999999946709e+01 4.979646071760509329e+01
5.799999999999945288e+01 5.109549882328175130e+01
5.649999999999945288e+01 5.022947341949730315e+01
5.649999999999945999e+01 4.936344801571286212e+01
5.724999999999946709e+01 4.893043531382064515e+01
5.199999999999938183e+01 6.148780366869500114e+01
5.249999999999938183e+01 6.148780366869500114e+01
5.424999999999938893e+01 6.018876556301835024e+01
5.299999999999938183e+01 6.062177826491056720e+01
5.349999999999938183e+01 6.062177826491056720e+01
5.049999999999937472e+01 6.148780366869500114e+01
5.124999999999937472e+01 6.192081637058722521e+01
5.099999999999937472e+01 6.235382907247944217e+01
4.999999999999936762e+01 6.235382907247943507e+01
4.974999999999937472e+01 6.192081637058721810e+01
4.899999999999936762e+01 6.235382907247942796e+01
4.824999999999936762e+01 6.192081637058720389e+01
4.849999999999936762e+01 6.148780366869498692e+01
4.899999999999937472e+01 6.148780366869498692e+01
4.899999999999937472e+01 6.062177826491054589e+01
4.974999999999938183e+01 6.018876556301833602e+01
4.999999999999938183e+01 6.062177826491055299e+01
5.049999999999938183e+01 6.062177826491056010e+01
5.199999999999938893e+01 6.062177826491056720e+01
5.274999999999938893e+01 6.018876556301835024e+01
5.099999999999938183e+01 6.062177826491056010e+01
5.124999999999938893e+01 6.018876556301834313e+01
5.049999999999940314e+01 5.802370205355722987e+01
4.974999999999940314e+01 5.759068935166500580e+01
4.949999999999940314e+01 5.802370205355722277e+01
4.999999999999939604e+01 5.888972745734166381e+01
5.049999999999940314e+01 5.888972745734167091e+01
5.049999999999939604e+01 5.975575286112611195e+01
5.149999999999939604e+01 5.975575286112611906e+01
5.124999999999940314e+01 5.932274015923389499e+01
5.199999999999940314e+01 5.888972745734167802e+01
5.199999999999941025e+01 5.802370205355723698e+01
5.149999999999941025e+01 5.802370205355723698e+01
5.124999999999941025e+01 5.759068935166501291e+01
4.824999999999938893e+01 6.018876556301831471e+01
4.849999999999938893e+01 5.975575286112609774e+01
4.899999999999938893e+01 5.975575286112609774e+01
4.899999999999939604e+01 5.888972745734165670e+01
4.974999999999940314e+01 5.845671475544944684e+01
4.999999999999941025e+01 5.715767664977278173e+01
5.049999999999941025e+01 5.715767664977278883e+01
4.899999999999939604e+01 5.715767664977278173e+01
4.824999999999939604e+01 5.759068935166499870e+01
4.799999999999939604e+01 5.715767664977277462e+01
4.849999999999940314e+01 5.629165124598834069e+01
4.899999999999940314e+01 5.629165124598834069e+01
4.899999999999941025e+01 5.542562584220389965e+01
4.974999999999941735e+01 5.499261314031168979e+01
4.799999999999938183e+01 5.888972745734165670e+01
4.824999999999938893e+01 5.845671475544943974e+01
4.749999999999938893e+01 5.802370205355721566e+01
4.749999999999939604e+01 5.715767664977277462e+01
4.749999999999941735e+01 5.455960043841945151e+01
4.749999999999942446e+01 5.369357503463501047e+01
4.699999999999942446e+01 5.369357503463501047e+01
4.649999999999941735e+01 5.455960043841944440e+01
4.674999999999941735e+01 5.499261314031166847e+01
4.599999999999941025e+01 5.542562584220388544e+01
4.599999999999940314e+01 5.629165124598832648e+01
4.649999999999940314e+01 5.629165124598832648e+01
4.674999999999941025e+01 5.585863854409610951e+01
4.749999999999941025e+01 5.629165124598833359e+01
4.824999999999941025e+01 5.585863854409611662e+01
4.799999999999941735e+01 5.542562584220389965e+01
4.824999999999941735e+01 5.499261314031167558e+01
4.549999999999940314e+01 5.629165124598831937e+01
4.499999999999940314e+01 5.542562584220387834e+01
4.524999999999941025e+01 5.499261314031166137e+01
4.449999999999941025e+01 5.455960043841943730e+01
4.449999999999941735e+01 5.369357503463499626e+01
4.499999999999941735e+01 5.369357503463499626e+01
4.524999999999941735e+01 5.412658773652722033e+01
4.599999999999941735e+01 5.369357503463500336e+01
4.674999999999941735e+01 5.412658773652722743e+01
4.799999999999942446e+01 5.369357503463501757e+01
4.824999999999942446e+01 5.412658773652723454e+01
4.674999999999938893e+01 5.845671475544943263e+01
4.649999999999939604e+01 5.802370205355720856e+01
4.674999999999939604e+01 5.759068935166499159e+01
4.599999999999939604e+01 5.715767664977276752e+01
4.449999999999939604e+01 5.629165124598831937e+01
4.449999999999938893e+01 5.715767664977276041e+01
4.399999999999938893e+01 5.715767664977276041e+01
4.349999999999938893e+01 5.629165124598831227e+01
4.374999999999939604e+01 5.585863854409609530e+01
4.299999999999939604e+01 5.542562584220387123e+01
4.299999999999939604e+01 5.455960043841943019e+01
4.349999999999940314e+01 5.455960043841943019e+01
4.374999999999939604e+01 5.499261314031165426e+01
4.524999999999939604e+01 5.585863854409610241e+01
4.549999999999938183e+01 5.802370205355720856e+01
4.524999999999938893e+01 5.759068935166498449e+01
4.449999999999938183e+01 5.802370205355720145e+01
4.374999999999938183e+01 5.759068935166497738e+01
4.749999999999942446e+01 5.282754963085056943e+01
4.674999999999942446e+01 5.239453692895834536e+01
4.549999999999941735e+01 5.282754963085056232e+01
4.599999999999941735e+01 5.282754963085056232e+01
5.799999999999948841e+01 4.676537180435956031e+01
5.724999999999948841e+01 4.719838450625177728e+01
5.749999999999948130e+01 4.763139720814399425e+01
5.849999999999948841e+01 4.763139720814400135e+01
5.799999999999949551e+01 4.589934640057511928e+01
5.874999999999947420e+01 4.893043531382066647e+01
5.799999999999948130e+01 4.849742261192844239e+01
5.799999999999948130e+01 4.763139720814400135e+01
5.699999999999948841e+01 4.676537180435955321e+01
5.724999999999948841e+01 4.633235910246733624e+01
5.649999999999948841e+01 4.589934640057511217e+01
5.649999999999949551e+01 4.503332099679067113e+01
5.699999999999949551e+01 4.503332099679067113e+01
5.724999999999950262e+01 4.460030829489845416e+01
5.649999999999948130e+01 4.763139720814399425e+01
5.649999999999947420e+01 4.849742261192843529e+01
5.599999999999947420e+01 4.849742261192843529e+01
5.549999999999947420e+01 4.763139720814398714e+01
5.574999999999948130e+01 4.719838450625177018e+01
5.499999999999948130e+01 4.676537180435954610e+01
5.499999999999948841e+01 4.589934640057510506e+01
5.549999999999948841e+01 4.589934640057510506e+01
5.574999999999948130e+01 4.633235910246732914e+01
5.574999999999946709e+01 4.893043531382065225e+01
5.349999999999947420e+01 4.763139720814397293e+01
5.274999999999947420e+01 4.719838450625174886e+01
5.249999999999947420e+01 4.763139720814396583e+01
5.299999999999946709e+01 4.849742261192840687e+01
5.349999999999946709e+01 4.849742261192841397e+01
5.349999999999946709e+01 4.936344801571285501e+01
5.449999999999946709e+01 4.936344801571286212e+01
5.424999999999946709e+01 4.893043531382063804e+01
5.499999999999947420e+01 4.849742261192842108e+01
5.499999999999948130e+01 4.763139720814398004e+01
5.449999999999948130e+01 4.763139720814398004e+01
5.424999999999948130e+01 4.719838450625175597e+01
5.199999999999945999e+01 4.936344801571284080e+01
5.199999999999946709e+01 4.849742261192840687e+01
5.274999999999947420e+01 4.806440991003618990e+01
5.299999999999948130e+01 4.676537180435953189e+01
5.349999999999948130e+01 4.676537180435953189e+01
5.349999999999948841e+01 4.589934640057509085e+01
5.424999999999948841e+01 4.546633369868287389e+01
5.449999999999948841e+01 4.589934640057509796e+01
5.199999999999947420e+01 4.676537180435952479e+01
5.124999999999947420e+01 4.719838450625174175e+01
5.274999999999948841e+01 4.546633369868287389e+01
4.849999999999934630e+01 6.321985447626387611e+01
4.899999999999934630e+01 6.321985447626388321e+01
5.049999999999936051e+01 6.235382907247945639e+01
4.749999999999933920e+01 6.321985447626387611e+01
4.674999999999933920e+01 6.365286717815609308e+01
4.649999999999933920e+01 6.321985447626387611e+01
4.699999999999934630e+01 6.235382907247943507e+01
4.749999999999934630e+01 6.235382907247944217e+01
4.749999999999935341e+01 6.148780366869499403e+01
4.824999999999936051e+01 6.105479096680278417e+01
4.599999999999933920e+01 6.321985447626386900e+01
4.449999999999933209e+01 6.321985447626384769e+01
4.374999999999933209e+01 6.278684177437162361e+01
4.399999999999933209e+01 6.235382907247940665e+01
4.499999999999933920e+01 6.235382907247941375e+01
4.524999999999933920e+01 6.278684177437163783e+01
4.599999999999933920e+01 6.235382907247942086e+01
4.674999999999933920e+01 6.278684177437164493e+01
4.249999999999932498e+01 6.321985447626384058e+01
4.299999999999932498e+01 6.321985447626384058e+01
4.299999999999933209e+01 6.235382907247939954e+01
4.374999999999933920e+01 6.192081637058718258e+01
4.599999999999936051e+01 6.062177826491053878e+01
4.674999999999936051e+01 6.018876556301832181e+01
4.649999999999936762e+01 5.975575286112609774e+01
4.549999999999936051e+01 5.975575286112609064e+01
4.524999999999936051e+01 6.018876556301830760e+01
4.449999999999936051e+01 5.975575286112608353e+01
4.374999999999935341e+01 6.018876556301830050e+01
4.399999999999935341e+01 6.062177826491052457e+01
4.449999999999935341e+01 6.062177826491052457e+01
4.449999999999934630e+01 6.148780366869496561e+01
4.524999999999934630e+01 6.192081637058719679e+01
4.549999999999935341e+01 6.148780366869497271e+01
4.599999999999935341e+01 6.148780366869497982e+01
4.349999999999935341e+01 5.975575286112607643e+01
4.399999999999936051e+01 5.888972745734164249e+01
4.449999999999936762e+01 5.888972745734164249e+01
4.524999999999936762e+01 5.845671475544942552e+01
4.599999999999936762e+01 5.888972745734165670e+01
4.599999999999936762e+01 5.975575286112609774e+01
4.699999999999936051e+01 6.062177826491054589e+01
4.674999999999936051e+01 6.105479096680276285e+01
4.224999999999933209e+01 6.192081637058717547e+01
4.249999999999933920e+01 6.148780366869495140e+01
4.299999999999933920e+01 6.148780366869495850e+01
4.299999999999934630e+01 6.062177826491051746e+01
4.749999999999936762e+01 5.975575286112610485e+01
4.749999999999937472e+01 5.888972745734166381e+01
3.699999999999935341e+01 5.715767664977272489e+01
3.699999999999936051e+01 5.629165124598828385e+01
3.649999999999936051e+01 5.629165124598827674e+01
3.599999999999935341e+01 5.715767664977271778e+01
3.624999999999934630e+01 5.759068935166493475e+01
3.549999999999934630e+01 5.802370205355715171e+01
3.549999999999933920e+01 5.888972745734159275e+01
3.599999999999933920e+01 5.888972745734159986e+01
3.624999999999934630e+01 5.845671475544937579e+01
3.699999999999934630e+01 5.888972745734160696e+01
3.774999999999934630e+01 5.845671475544939000e+01
3.749999999999935341e+01 5.802370205355716593e+01
3.774999999999935341e+01 5.759068935166494896e+01
3.499999999999933920e+01 5.888972745734159275e+01
3.449999999999933920e+01 5.802370205355714461e+01
3.474999999999934630e+01 5.759068935166492764e+01
3.399999999999934630e+01 5.715767664977270357e+01
3.399999999999935341e+01 5.629165124598825543e+01
3.449999999999935341e+01 5.629165124598826253e+01
3.474999999999935341e+01 5.672466394788048660e+01
3.549999999999935341e+01 5.629165124598826964e+01
3.624999999999935341e+01 5.672466394788049371e+01
3.849999999999935341e+01 5.802370205355717303e+01
3.849999999999934630e+01 5.888972745734161407e+01
3.799999999999934630e+01 5.888972745734161407e+01
3.749999999999936051e+01 5.629165124598828385e+01
3.774999999999936051e+01 5.672466394788050792e+01
3.849999999999936762e+01 5.629165124598829095e+01
3.924999999999936762e+01 5.672466394788051502e+01
3.899999999999936051e+01 5.715767664977273910e+01
3.924999999999936051e+01 5.759068935166495606e+01
3.749999999999933920e+01 5.975575286112604800e+01
3.699999999999933920e+01 5.975575286112604800e+01
3.699999999999933209e+01 6.062177826491048904e+01
3.624999999999933209e+01 6.018876556301825786e+01
3.549999999999933209e+01 5.975575286112603379e+01
4.149999999999937472e+01 5.629165124598830516e+01
4.149999999999938183e+01 5.542562584220386412e+01
4.099999999999938183e+01 5.542562584220386412e+01
4.049999999999937472e+01 5.629165124598830516e+01
4.074999999999937472e+01 5.672466394788052213e+01
3.999999999999936762e+01 5.715767664977273910e+01
3.999999999999936051e+01 5.802370205355718014e+01
4.049999999999936051e+01 5.802370205355718724e+01
4.074999999999936762e+01 5.759068935166496317e+01
4.149999999999936762e+01 5.802370205355719435e+01
4.224999999999936762e+01 5.759068935166497738e+01
4.199999999999937472e+01 5.715767664977275331e+01
4.224999999999937472e+01 5.672466394788053634e+01
3.949999999999936051e+01 5.802370205355718014e+01
3.849999999999937472e+01 5.542562584220384991e+01
3.899999999999937472e+01 5.542562584220384991e+01
3.924999999999937472e+01 5.585863854409607399e+01
3.999999999999937472e+01 5.542562584220385702e+01
4.074999999999937472e+01 5.585863854409608109e+01
4.299999999999937472e+01 5.715767664977276041e+01
4.299999999999936762e+01 5.802370205355720145e+01
4.249999999999936762e+01 5.802370205355720145e+01
4.199999999999938183e+01 5.542562584220387123e+01
4.224999999999938183e+01 5.585863854409609530e+01
4.374999999999938183e+01 5.672466394788054345e+01
4.199999999999936051e+01 5.888972745734163539e+01
4.149999999999936051e+01 5.888972745734163539e+01
4.149999999999935341e+01 5.975575286112607643e+01
4.074999999999934630e+01 6.018876556301828629e+01
4.049999999999934630e+01 5.975575286112606932e+01
4.074999999999935341e+01 5.932274015923384525e+01
3.999999999999935341e+01 5.888972745734162118e+01
3.849999999999932498e+01 6.148780366869493719e+01
3.899999999999932498e+01 6.235382907247938533e+01
3.924999999999932498e+01 6.192081637058716126e+01
3.999999999999932498e+01 6.235382907247939244e+01
4.074999999999933209e+01 6.192081637058717547e+01
4.049999999999933920e+01 6.148780366869495140e+01
3.999999999999933209e+01 6.148780366869494429e+01
3.999999999999933920e+01 6.062177826491050325e+01
3.924999999999933920e+01 6.018876556301827918e+01
3.899999999999933920e+01 6.062177826491049615e+01
3.849999999999933209e+01 6.062177826491049615e+01
4.099999999999933209e+01 6.235382907247939954e+01
3.849999999999933920e+01 5.975575286112604800e+01
3.924999999999934630e+01 5.932274015923383814e+01
3.949999999999934630e+01 5.975575286112605511e+01
3.749999999999932498e+01 6.148780366869493008e+01
3.774999999999932498e+01 6.105479096680271311e+01
3.774999999999933920e+01 5.932274015923382393e+01
4.224999999999935341e+01 6.018876556301830050e+01
4.199999999999935341e+01 6.062177826491051746e+01
4.149999999999934630e+01 6.062177826491051746e+01
4.149999999999933920e+01 6.148780366869495850e+01
3.474999999999933920e+01 5.845671475544936868e+01
3.699999999999936762e+01 5.542562584220384281e+01
3.624999999999936762e+01 5.499261314031161163e+01
3.649999999999936762e+01 5.455960043841939466e+01
3.749999999999937472e+01 5.455960043841940177e+01
3.774999999999937472e+01 5.499261314031162584e+01
3.849999999999937472e+01 5.455960043841940887e+01
3.924999999999937472e+01 5.499261314031163295e+01
3.499999999999936051e+01 5.542562584220382860e+01
3.549999999999936051e+01 5.542562584220382860e+01
3.549999999999936762e+01 5.455960043841938756e+01
3.624999999999937472e+01 5.412658773652717059e+01
4.149999999999938893e+01 5.455960043841943019e+01
4.074999999999938893e+01 5.412658773652719901e+01
4.099999999999938893e+01 5.369357503463498205e+01
4.199999999999939604e+01 5.369357503463498915e+01
4.224999999999939604e+01 5.412658773652721322e+01
4.299999999999939604e+01 5.369357503463499626e+01
4.374999999999939604e+01 5.412658773652722033e+01
3.949999999999938183e+01 5.455960043841941598e+01
3.999999999999938183e+01 5.455960043841941598e+01
3.999999999999938893e+01 5.369357503463497494e+01
4.074999999999939604e+01 5.326056233274275797e+01
4.299999999999936762e+01 5.888972745734164249e+01
4.224999999999936051e+01 5.932274015923385946e+01
4.374999999999936051e+01 5.932274015923387367e+01
4.149999999999933209e+01 6.321985447626384058e+01
4.224999999999933920e+01 6.278684177437162361e+01
4.074999999999933209e+01 6.278684177437160940e+01
3.324999999999934630e+01 5.672466394788046529e+01
3.549999999999940314e+01 5.109549882328161630e+01
3.474999999999939604e+01 5.152851152517383326e+01
3.449999999999939604e+01 5.109549882328160919e+01
3.499999999999940314e+01 5.022947341949717526e+01
3.549999999999940314e+01 5.022947341949717526e+01
3.549999999999941025e+01 4.936344801571273422e+01
3.624999999999941735e+01 4.893043531382052436e+01
3.699999999999940314e+01 5.109549882328163051e+01
3.649999999999940314e+01 5.109549882328162340e+01
3.624999999999940314e+01 5.152851152517384747e+01
3.549999999999938893e+01 5.282754963085050548e+01
3.549999999999938183e+01 5.369357503463494652e+01
3.499999999999938183e+01 5.369357503463493941e+01
3.449999999999938183e+01 5.282754963085049837e+01
3.474999999999938893e+01 5.239453692895827430e+01
3.399999999999938893e+01 5.196152422706605023e+01
3.399999999999939604e+01 5.109549882328160919e+01
3.599999999999939604e+01 5.196152422706606444e+01
3.624999999999939604e+01 5.239453692895828851e+01
3.849999999999939604e+01 5.282754963085051969e+01
3.924999999999939604e+01 5.239453692895830272e+01
3.899999999999940314e+01 5.196152422706607865e+01
3.799999999999939604e+01 5.196152422706607155e+01
3.774999999999939604e+01 5.239453692895828851e+01
3.699999999999939604e+01 5.196152422706606444e+01
3.649999999999938893e+01 5.282754963085050548e+01
3.699999999999938893e+01 5.282754963085050548e+01
3.699999999999938183e+01 5.369357503463494652e+01
3.774999999999938183e+01 5.412658773652717770e+01
3.799999999999938183e+01 5.369357503463495362e+01
3.849999999999938893e+01 5.369357503463496073e+01
3.774999999999940314e+01 5.066248612138940643e+01
3.849999999999940314e+01 5.109549882328163761e+01
3.849999999999939604e+01 5.196152422706607865e+01
3.949999999999939604e+01 5.282754963085052680e+01
3.924999999999938893e+01 5.326056233274274376e+01
3.474999999999936762e+01 5.412658773652715638e+01
3.999999999999940314e+01 5.196152422706608576e+01
3.999999999999941025e+01 5.109549882328164472e+01
4.049999999999941025e+01 5.109549882328165182e+01
4.099999999999941025e+01 5.196152422706609286e+01
4.074999999999940314e+01 5.239453692895830983e+01
4.149999999999940314e+01 5.282754963085054101e+01
4.149999999999939604e+01 5.369357503463498205e+01
4.074999999999941735e+01 5.066248612138942775e+01
4.299999999999941025e+01 5.196152422706610707e+01
4.374999999999941025e+01 5.239453692895833115e+01
4.399999999999941735e+01 5.196152422706611418e+01
4.349999999999941735e+01 5.109549882328167314e+01
4.299999999999941735e+01 5.109549882328166603e+01
4.299999999999942446e+01 5.022947341949722500e+01
4.224999999999942446e+01 4.979646071760500092e+01
4.199999999999941735e+01 5.022947341949721789e+01
4.224999999999941735e+01 5.066248612138944196e+01
4.149999999999941025e+01 5.109549882328165893e+01
4.149999999999940314e+01 5.196152422706609997e+01
4.199999999999941025e+01 5.196152422706609997e+01
4.224999999999940314e+01 5.239453692895832404e+01
4.249999999999943157e+01 4.936344801571277685e+01
4.349999999999943157e+01 4.936344801571278396e+01
4.374999999999943157e+01 4.979646071760500803e+01
4.449999999999943157e+01 5.022947341949723921e+01
4.449999999999942446e+01 5.109549882328168025e+01
4.374999999999941735e+01 5.152851152517389011e+01
4.349999999999941025e+01 5.282754963085055522e+01
4.299999999999940314e+01 5.282754963085054811e+01
4.074999999999941735e+01 4.979646071760498671e+01
4.149999999999942446e+01 4.936344801571276975e+01
4.299999999999944578e+01 4.849742261192834292e+01
4.224999999999944578e+01 4.806440991003611174e+01
4.299999999999943867e+01 4.936344801571278396e+01
4.449999999999941735e+01 5.282754963085056232e+01
4.524999999999942446e+01 5.239453692895834536e+01
5.499999999999949551e+01 4.156921938165288566e+01
5.424999999999949551e+01 4.113620667976066159e+01
5.399999999999948841e+01 4.156921938165287855e+01
5.449999999999948130e+01 4.243524478543731959e+01
5.499999999999948841e+01 4.243524478543732670e+01
5.499999999999948130e+01 4.330127018922176774e+01
5.574999999999948130e+01 4.373428289111399181e+01
5.599999999999948130e+01 4.330127018922177484e+01
5.574999999999948841e+01 4.286825748732955077e+01
5.649999999999948841e+01 4.243524478543733380e+01
5.599999999999949551e+01 4.156921938165289276e+01
5.549999999999947420e+01 4.416729559300620878e+01
5.449999999999947420e+01 4.416729559300620167e+01
5.424999999999947420e+01 4.373428289111398470e+01
5.349999999999947420e+01 4.330127018922175353e+01
5.349999999999948130e+01 4.243524478543731249e+01
5.424999999999948841e+01 4.200223208354510263e+01
5.449999999999949551e+01 4.070319397786843751e+01
5.499999999999949551e+01 4.070319397786844462e+01
5.749999999999948130e+01 4.416729559300622299e+01
5.724999999999948841e+01 4.373428289111400602e+01
5.649999999999948130e+01 4.416729559300621588e+01
5.499999999999946709e+01 4.503332099679064982e+01
5.574999999999946709e+01 4.546633369868287389e+01
5.499999999999947420e+01 4.416729559300620167e+01
5.349999999999948841e+01 4.070319397786843041e+01
5.274999999999948841e+01 4.113620667976064738e+01
5.249999999999948841e+01 4.070319397786842330e+01
5.299999999999949551e+01 3.983716857408398937e+01
5.349999999999949551e+01 3.983716857408398937e+01
5.199999999999948841e+01 4.070319397786842330e+01
4.899999999999949551e+01 3.983716857408396095e+01
4.899999999999948841e+01 4.070319397786840199e+01
4.974999999999950262e+01 3.853813046840730294e+01
4.949999999999950262e+01 3.897114317029951991e+01
4.974999999999949551e+01 3.940415587219174398e+01
5.049999999999948841e+01 4.070319397786840909e+01
5.124999999999948841e+01 4.113620667976064027e+01
4.999999999999949551e+01 3.983716857408396805e+01
5.049999999999949551e+01 3.983716857408396805e+01
5.199999999999950973e+01 3.810511776651509308e+01
5.099999999999950973e+01 3.810511776651508598e+01
5.124999999999950262e+01 3.853813046840731005e+01
5.049999999999950262e+01 3.897114317029952701e+01
5.099999999999949551e+01 3.983716857408397516e+01
5.124999999999950262e+01 3.940415587219175109e+01
5.199999999999950262e+01 3.983716857408398226e+01
5.274999999999950262e+01 3.940415587219176530e+01
5.249999999999950973e+01 3.897114317029954123e+01
5.274999999999950973e+01 3.853813046840732426e+01
4.974999999999950973e+01 3.767210506462286190e+01
5.049999999999950973e+01 3.723909236273064494e+01
5.124999999999950973e+01 3.767210506462286901e+01
3.174999999999942446e+01 4.633235910246715150e+01
3.199999999999942091e+01 4.676537180435937557e+01
3.149999999999941380e+01 4.763139720814380951e+01
3.249999999999942446e+01 4.676537180435937557e+01
3.549999999999942446e+01 4.763139720814385214e+01
3.549999999999943157e+01 4.676537180435941110e+01
3.474999999999941025e+01 4.893043531382051015e+01
3.499999999999941735e+01 4.849742261192829318e+01
3.474999999999941735e+01 4.806440991003606911e+01
3.399999999999942446e+01 4.676537180435939689e+01
3.324999999999942446e+01 4.633235910246717282e+01
3.449999999999941735e+01 4.763139720814384503e+01
3.399999999999941735e+01 4.763139720814384503e+01
3.249999999999940314e+01 4.936344801571270580e+01
3.249999999999938893e+01 5.022947341949714684e+01
3.299999999999939604e+01 5.022947341949715394e+01
3.349999999999940314e+01 4.936344801571271290e+01
3.324999999999940314e+01 4.893043531382048883e+01
3.399999999999941025e+01 4.849742261192827186e+01
3.349999999999941735e+01 4.763139720814383082e+01
3.324999999999941025e+01 4.806440991003604779e+01
3.249999999999941735e+01 4.763139720814382372e+01
3.174999999999940670e+01 4.806440991003603358e+01
3.199999999999940314e+01 4.849742261192825765e+01
3.174999999999939959e+01 4.893043531382047462e+01
3.474999999999940314e+01 4.979646071760494408e+01
3.399999999999939604e+01 5.022947341949716105e+01
3.324999999999939604e+01 4.979646071760492987e+01
3.199999999999938893e+01 5.022947341949714684e+01
3.174999999999939249e+01 4.979646071760492276e+01
3.249999999999938183e+01 5.109549882328159498e+01
3.324999999999938183e+01 5.152851152517382616e+01
3.299999999999937472e+01 5.196152422706604312e+01
3.199999999999937472e+01 5.196152422706603602e+01
3.174999999999937472e+01 5.152851152517381195e+01
3.324999999999937472e+01 5.239453692895826720e+01
3.174999999999935696e+01 5.412658773652713506e+01
3.249999999999936051e+01 5.455960043841936624e+01
3.324999999999936762e+01 5.412658773652714927e+01
3.299999999999936762e+01 5.369357503463492520e+01
3.249999999999936762e+01 5.369357503463492520e+01
3.249999999999937472e+01 5.282754963085047706e+01
3.174999999999937117e+01 5.239453692895825299e+01
3.149999999999936762e+01 5.282754963085046995e+01
3.349999999999936051e+01 5.455960043841937335e+01
3.299999999999935341e+01 5.542562584220381439e+01
3.249999999999935341e+01 5.542562584220380728e+01
3.399999999999937472e+01 5.282754963085049127e+01
3.399999999999937472e+01 5.369357503463493231e+01
3.399999999999935341e+01 5.542562584220381439e+01
3.474999999999936051e+01 5.499261314031160452e+01
3.324999999999935341e+01 5.499261314031159031e+01
